55
37
92
203
184
222
221
118
201
202
239
57
69
193
74
62
87
48
119
72
31
222
73
21
141
252
59
24
65
172
175
120
209
11
68
137
234
33
0
179
236
239
236
49
176
54
111
7
102
231
80
133
197
153
154
82
149
214
106
214
130
25
79
83
37
147
220
15
180
220
194
160
203
174
209
124
228
65
131
74
40
211
208
237
109
106
63
2
64
170
217
194
195
40
21
232
187
242
247
111
206
185
16
154
103
225
22
75
34
153
150
74
109
102
55
218
208
119
220
17
33
181
211
228
221
233
205
152
219
196
8
169
126
24
67
229
249
89
49
28
243
199
102
96
45
158
58
253
21
22
14
54
204
226
26
169
203
231
66
166
172
74
79
42
98
147
15
91
236
64
119
223
7
222
63
52
124
121
50
145
144
64
199
92
34
225
5
237
201
71
147
117
145
227
159
243
118
174
79
98
239
198
66
246
164
129
43
32
251
93
177
139
157
120
231
192
90
236
173
35
52
65
152
197
36
55
185
154
229
8
252
212
206
62
203
115
192
246
147
187
83
69
70
240
189
45
176
23
25
94
58
77
159
210
19
195
9
204
93
239
212
89
195
162
152
142
21
88
132
169
19
215
238
89
200
171
134
120
195
159
214
253
237
117
208
0
56
217
204
149
200
160
239
140
66
135
26
88
223
159
1
242
118
239
75
62
154
209
183
93
112
141
91
93
3
43
93
59
4
41
209
205
201
192
89
12
71
115
100
38
18
101
24
137
84
99
199
238
52
126
76
164
12
167
2
15
210
95
74
214
137
27
163
82
219
252
94
34
112
194
72
130
39
96
11
123
195
211
106
247
81
182
156
93
93
158
108
47
253
183
5
134
210
169
217
174
165
55
208
21
250
25
152
33
121
163
157
61
118
7
52
200
189
208
37
26
110
146
73
108
73
78
242
27
247
203
201
157
3
154
178
253
179
74
30
44
238
187
105
100
194
158
44
127
110
82
153
221
228
226
73
45
49
59
72
40
7
18
197
10
172
120
7
95
194
37
139
176
225
245
21
163
147
65
35
1
147
188
222
119
159
39
164
208
99
237
248
106
255
190
116
171
54
123
10
248
160
149
169
129
138
190
37
29
255
72
31
147
4
253
10
163
37
175
115
136
156
108
242
155
42
102
70
96
225
80
88
129
229
1
3
112
191
40
141
191
112
172
82
116
170
92
24
207
11
139
87
167
247
73
66
33
175
136
129
144
216
218
17
190
219
20
46
155
60
187
90
172
104
172
33
18
8
57
225
20
196
56
187
188
129
254
221
48
134
95
192
95
57
209
29
20
230
75
175
34
6
9
207
110
181
240
128
190
41
97
210
237
153
141
169
26
139
135
74
18
230
10
113
31
220
142
51
194
217
227
228
223
236
179
78
162
163
206
96
204
48
50
186
201
191
99
228
75
234
46
93
208
57
206
239
21
92
35
215
53
6
187
20
242
111
98
148
18
49
244
223
97
38
153
42
230
252
14
49
231
61
142
183
118
92
167
139
184
202
98
237
208
29
1
194
140
100
87
159
149
75
126
246
114
23
32
88
19
47
137
250
108
23
178
226
115
89
109
43
35
207
24
243
236
25
181
121
125
12
24
18
88
150
8
202
173
41
34
192
88
171
187
196
194
109
166
53
198
19
96
233
226
120
220
206
145
145
71
15
158
95
33
246
245
42
192
162
83
226
99
171
141
30
111
79
139
21
132
81
40
228
58
10
92
22
216
237
167
32
252
69
127
30
59
117
72
251
23
155
221
122
70
106
152
181
185
35
202
61
116
242
33
174
252
125
196
212
107
108
244
103
177
116
133
237
233
205
232
0
104
198
123
174
48
19
99
234
55
45
39
171
31
73
90
27
198
30
240
49
138
228
153
60
88
30
41
65
236
17
66
84
215
189
3
8
208
102
242
7
148
25
179
179
98
13
207
41
43
191
90
182
163
243
242
252
18
27
61
254
44
127
82
4
60
85
12
13
188
254
20
80
23
199
3
122
212
210
163
0
145
253
182
53
241
168
49
3
195
110
1
239
238
83
243
42
169
255
55
101
253
76
181
21
19
184
143
232
139
50
232
28
47
158
81
32
70
130
35
9
241
36
248
223
120
236
9
33
235
65
134
233
141
59
254
160
243
141
136
126
191
112
155
238
14
236
15
84
111
50
93
96
87
86
63
207
66
72
240
45
137
118
22
22
177
20
183
164
161
63
35
96
176
190
79
190
170
94
19
25
144
112
121
231
198
184
182
8
1
166
54
138
28
76
161
205
97
88
114
2
151
149
99
71
83
178
6
253
16
25
23
160
137
144
136
80
73
62
88
74
229
142
212
1
219
117
207
60
205
65
62
101
214
161
172
41
83
178
38
99
203
61
4
85
206
140
165
23
202
253
97
175
140
53
177
103
171
128
163
120
193
225
221
151
131
138
192
214
60
230
58
8
36
62
93
242
202
2
9
148
255
106
68
139
159
245
242
74
117
149
195
54
119
160
205
250
42
141
208
103
115
10
111
151
72
204
137
18
206
146
167
205
252
235
89
156
224
75
230
85
225
169
139
88
74
88
82
116
229
34
219
88
45
74
240
117
22
121
136
228
12
47
178
8
26
11
164
250
86
139
79
55
52
218
143
126
50
225
243
23
4
206
111
49
25
95
166
47
217
46
20
229
93
198
237
119
209
146
113
39
29
192
95
81
154
238
208
204
208
195
227
212
145
83
5
170
178
171
218
139
218
238
112
55
180
94
175
133
240
32
172
13
225
11
94
123
250
46
72
202
241
43
158
131
126
163
45
49
78
7
188
40
245
45
96
169
139
15
46
123
47
219
136
16
230
230
140
224
21
212
170
6
255
72
137
126
235
183
175
58
190
107
98
180
152
194
93
35
209
140
158
1
103
38
17
77
13
157
46
34
113
216
40
113
33
178
239
12
105
158
70
39
9
169
219
162
107
57
197
61
197
100
62
44
138
79
121
151
237
167
185
94
128
226
207
161
148
190
173
253
92
244
36
102
157
0
8
8
57
205
69
254
49
131
42
188
211
163
83
192
75
13
30
203
239
238
108
131
172
25
128
9
13
164
111
170
164
119
179
221
68
248
219
118
124
5
50
79
169
133
15
244
146
45
191
129
27
43
4
200
68
132
209
82
41
64
252
205
183
175
171
251
168
134
113
36
140
163
115
53
41
130
41
187
175
232
61
203
19
65
147
87
198
100
169
239
164
166
188
91
85
103
86
253
238
200
33
122
107
148
175
148
22
216
80
198
192
141
145
211
206
36
42
148
136
212
131
44
122
64
135
207
167
221
205
149
165
238
15
17
131
190
165
153
150
245
95
86
130
240
41
81
20
84
229
156
40
105
200
162
169
79
113
80
45
62
230
210
45
245
227
176
180
137
73
74
126
169
161
1
153
202
82
174
30
55
74
70
160
19
232
73
98
90
154
143
152
128
98
197
117
69
117
41
206
191
116
77
104
21
78
1
223
160
175
254
215
250
68
120
13
45
193
111
135
91
255
31
219
97
229
81
166
90
122
117
25
238
194
129
3
16
131
227
176
50
225
135
44
37
255
57
82
193
169
217
28
168
249
248
9
222
73
175
56
195
36
82
178
230
211
181
246
86
152
166
137
121
46
181
159
45
239
241
238
152
203
11
64
196
3
73
162
76
248
218
15
29
44
193
3
0
119
250
86
15
160
223
137
206
149
40
252
132
25
234
28
228
245
92
168
248
165
74
68
157
37
84
186
81
21
190
81
140
184
168
156
88
135
37
39
28
77
35
160
102
13
188
75
3
24
243
251
189
62
64
91
99
148
21
180
169
211
6
54
139
174
210
228
53
247
11
82
68
46
242
170
59
175
245
62
199
233
58
133
39
122
224
138
14
245
62
183
201
68
237
84
242
191
56
40
182
67
122
250
113
108
165
173
27
154
235
227
131
37
104
170
159
72
52
173
61
115
101
6
183
82
91
170
18
147
210
200
215
76
195
72
184
104
245
212
2
225
183
134
6
31
48
166
103
101
83
164
216
184
171
143
11
6
57
29
153
11
229
112
87
168
185
16
16
174
228
19
143
155
153
150
186
201
60
33
46
143
197
6
72
112
150
83
118
207
112
16
219
85
128
50
254
57
66
14
232
38
33
119
193
186
13
123
132
73
156
178
217
98
185
33
210
79
116
73
30
228
89
249
57
217
44
55
19
110
70
251
149
103
114
86
34
128
210
166
201
110
88
162
208
17
195
163
96
55
236
127
27
69
120
85
30
164
140
49
19
210
44
168
58
159
254
92
31
208
2
232
63
90
139
15
108
78
178
204
134
158
75
161
227
196
246
2
104
131
51
123
85
96
35
143
255
34
235
30
242
237
6
49
72
145
65
180
224
243
128
102
146
204
7
117
144
254
119
248
129
171
116
214
11
151
102
10
185
81
40
172
63
46
221
135
192
30
59
160
18
187
6
164
135
13
25
23
11
145
16
140
60
132
99
71
27
201
81
213
26
121
129
89
167
94
224
103
125
27
7
143
215
13
51
94
27
76
118
38
221
134
179
25
10
22
96
37
223
177
250
249
42
123
83
210
218
51
57
87
79
65
230
38
78
25
132
105
101
250
144
67
128
67
92
138
89
189
176
56
110
170
49
153
38
132
107
0
184
164
87
7
229
61
45
52
86
177
157
187
172
45
254
44
112
91
183
201
24
103
1
134
17
51
31
55
183
138
55
111
47
142
118
20
203
163
72
33
85
230
221
1
19
219
45
132
54
228
77
78
75
79
213
93
130
244
148
57
127
204
169
174
90
31
194
38
195
11
71
24
241
36
25
4
0
70
136
54
43
214
133
118
37
90
211
167
78
104
224
205
52
137
123
142
169
62
180
108
73
252
132
58
32
157
62
32
227
199
87
14
157
220
133
194
54
88
105
132
192
73
82
244
211
205
131
124
11
55
232
84
51
108
142
84
9
205
116
236
148
203
251
49
167
128
243
221
216
92
98
153
165
180
141
120
129
16
244
141
72
220
225
123
72
112
207
81
61
68
62
209
15
57
2
183
185
245
148
145
81
246
42
246
170
184
111
44
200
99
185
16
64
154
140
136
10
91
218
71
159
24
24
175
81
26
102
10
15
250
155
96
241
198
87
155
126
198
199
70
41
128
87
105
27
227
242
37
62
204
109
222
228
133
141
53
160
243
63
175
237
218
16
222
160
103
122
30
45
65
101
86
194
188
192
221
159
178
2
221
126
111
187
98
245
72
151
149
59
214
68
41
176
84
7
81
187
129
111
232
195
212
63
133
144
255
98
47
177
100
13
47
212
200
145
201
17
40
94
76
254
162
117
174
247
125
255
178
254
111
155
193
67
218
70
212
217
168
3
138
13
16
185
225
217
74
170
234
114
8
54
112
170
172
30
161
41
30
84
39
141
239
233
208
201
47
164
162
216
168
44
229
184
229
198
145
47
112
123
161
120
178
17
34
94
47
196
135
77
24
174
218
7
151
171
208
199
79
114
159
247
158
132
176
131
74
65
178
186
189
83
50
111
100
84
205
147
24
84
225
48
2
187
55
154
102
7
97
182
121
0
173
23
132
93
154
206
159
76
136
92
159
186
203
3
14
152
151
39
236
120
87
238
51
143
136
154
150
233
80
16
233
253
39
109
91
194
59
250
14
195
86
174
125
33
177
140
185
72
179
165
192
10
147
244
153
28
142
48
5
222
64
239
219
103
92
54
41
152
48
56
91
134
230
217
167
151
101
96
224
24
5
160
34
153
148
188
181
34
236
186
0
44
169
220
147
6
18
189
158
67
245
249
201
219
210
113
114
55
209
82
79
215
243
114
112
135
46
37
170
26
223
170
70
137
134
217
143
153
150
45
220
139
38
165
102
249
22
217
48
232
43
128
191
30
242
47
166
32
84
80
58
51
250
128
188
129
89
75
26
240
120
246
123
159
155
226
152
178
187
200
154
230
72
89
5
58
136
171
90
220
251
148
15
245
20
204
118
110
23
144
94
144
134
217
47
34
187
199
212
118
143
110
93
216
199
98
18
79
13
109
43
8
1
58
253
22
6
116
132
30
4
226
174
139
187
221
173
119
164
129
237
51
239
74
11
182
172
30
5
185
139
48
193
140
106
191
162
113
51
38
143
55
8
61
194
196
26
111
59
190
240
40
241
223
115
253
149
31
27
154
217
166
202
154
50
53
89
213
166
140
251
53
196
4
114
134
200
140
246
3
74
230
43
59
198
158
56
91
190
83
246
151
249
192
49
44
245
139
1
155
23
252
208
219
0
66
98
200
206
88
203
24
62
247
84
4
149
140
96
83
224
86
234
217
22
28
5
12
167
6
167
190
3
120
154
3
186
252
204
137
84
151
161
146
142
245
151
36
130
247
119
98
77
98
59
99
126
65
111
37
71
23
227
74
143
125
78
73
121
26
210
205
177
116
96
64
105
247
100
235
238
219
77
59
61
137
158
187
202
14
224
17
37
196
92
180
65
170
253
187
196
208
136
117
68
232
181
173
223
25
153
205
245
230
8
50
111
167
238
57
181
206
75
218
146
167
142
212
81
139
143
21
91
23
138
159
0
64
77
223
89
230
173
78
204
181
129
60
92
111
117
17
61
192
235
208
103
121
164
184
5
51
205
96
74
88
0
74
152
77
42
241
51
215
64
255
140
193
59
233
48
177
250
109
113
230
61
217
95
225
145
100
20
95
197
95
183
197
169
79
18
211
64
69
170
128
68
55
65
128
32
113
49
26
223
162
0
28
123
96
254
13
196
18
108
137
113
35
78
27
114
96
238
178
165
153
51
234
208
116
106
240
230
155
10
197
61
11
225
185
107
223
198
47
242
50
185
99
85
7
126
199
104
109
121
13
6
172
247
214
33
97
198
7
252
208
204
58
219
173
243
70
141
185
118
127
235
47
226
64
54
97
7
158
206
128
172
212
45
163
170
78
5
112
85
1
64
33
59
28
206
46
98
91
231
216
218
210
7
189
18
62
30
25
220
236
154
136
192
199
44
106
21
49
218
106
50
26
139
110
54
89
156
153
181
132
113
143
86
121
76
105
183
106
130
147
86
28
28
22
227
72
128
248
121
90
98
171
117
237
25
171
71
182
68
252
58
182
139
144
47
216
249
230
66
124
121
153
152
149
175
124
221
48
116
86
138
215
2
255
196
27
171
11
209
239
7
11
165
147
156
212
107
149
186
173
17
52
70
170
201
246
38
167
38
154
253
176
113
255
176
54
27
91
65
236
74
73
248
240
220
148
196
71
41
127
244
59
179
59
229
124
49
11
35
87
165
33
7
23
32
183
77
59
18
142
40
93
215
32
77
179
180
17
250
221
144
239
24
67
42
253
192
91
8
227
178
174
4
185
197
37
113
18
96
131
160
136
224
120
168
45
43
92
63
38
58
207
21
82
19
63
80
211
154
88
182
76
6
187
5
203
224
118
221
64
250
126
201
218
246
113
8
33
206
71
71
8
22
92
90
41
155
170
252
53
3
179
129
9
110
135
213
78
253
178
142
247
48
87
210
38
201
218
72
151
33
143
159
55
236
249
97
135
164
93
189
167
16
62
176
126
197
133
204
195
56
91
186
104
178
140
143
123
102
215
18
135
102
177
191
82
171
32
218
79
125
151
246
142
213
166
12
155
44
217
94
100
52
24
204
230
165
91
98
11
50
116
147
153
38
82
235
209
114
197
32
239
92
22
125
50
188
138
205
232
99
43
76
151
67
25
125
232
116
223
244
167
84
135
64
122
217
43
75
75
241
107
58
77
129
184
127
61
66
76
38
165
119
114
60
187
139
185
163
0
153
151
167
237
30
231
103
247
18
178
66
3
29
125
81
158
53
208
219
119
29
1
28
148
116
88
79
255
17
243
255
170
138
166
151
169
141
254
160
160
176
227
163
205
96
244
107
149
197
71
12
226
72
40
118
188
128
198
188
145
185
187
60
67
98
211
236
239
210
141
143
130
112
51
80
208
39
187
101
236
2
113
206
75
153
69
7
25
11
195
170
196
127
230
7
225
186
244
208
140
129
96
14
241
147
94
193
186
26
38
167
28
151
117
103
48
186
111
73
197
50
243
137
177
218
145
146
148
133
99
32
6
195
46
247
86
141
184
16
167
222
183
195
117
45
43
165
231
154
238
173
204
225
54
126
187
199
16
79
76
115
111
82
54
158
73
140
43
1
157
210
223
84
149
84
129
192
249
105
90
231
22
39
201
76
165
132
20
181
212
96
41
67
179
95
225
252
236
12
254
137
222
221
221
116
50
95
52
43
200
143
19
222
182
220
42
91
96
62
16
52
159
57
120
82
153
89
78
133
102
76
14
68
42
235
184
92
74
237
135
18
124
154
240
50
118
27
141
215
89
157
11
248
215
131
74
112
221
153
245
67
229
3
135
15
238
64
107
57
45
243
75
169
141
60
219
4
87
104
219
176
5
230
169
220
106
243
76
71
140
65
138
114
68
17
129
51
81
237
108
126
224
183
39
109
243
2
113
74
106
76
251
112
51
164
76
157
151
153
228
36
218
110
150
31
127
23
82
209
4
190
79
228
117
119
82
105
121
195
179
228
16
174
84
67
82
160
224
234
57
196
14
20
50
164
51
177
187
133
130
192
67
210
164
184
73
246
33
194
186
213
166
202
131
250
13
214
155
237
192
212
177
206
232
227
114
27
148
45
160
23
237
227
233
146
156
50
136
189
244
66
146
155
12
22
149
25
236
48
6
172
5
183
122
237
154
236
9
47
25
169
70
7
141
47
153
41
97
33
230
85
100
121
240
112
143
134
138
123
182
144
39
187
72
161
169
226
141
178
17
166
91
87
173
232
134
70
17
231
104
248
61
204
113
45
60
0
179
198
123
106
87
162
37
159
67
206
129
208
128
147
118
220
234
36
196
113
106
214
88
210
206
149
158
63
195
219
63
118
161
186
224
248
92
6
151
159
212
25
111
85
172
229
49
150
9
245
7
116
203
96
70
153
245
229
216
184
192
23
47
97
209
15
90
45
21
241
204
234
10
59
63
182
33
112
77
42
101
84
158
49
180
229
202
170
202
163
98
138
186
145
235
140
161
69
185
182
55
134
160
65
193
223
248
226
79
69
13
181
153
171
230
78
144
176
248
90
83
90
228
14
236
208
154
141
21
83
67
76
217
228
142
155
195
134
125
19
203
138
200
100
54
174
178
198
94
170
33
178
5
5
192
241
213
90
126
235
173
193
55
135
165
197
34
105
75
159
124
22
42
68
123
96
242
45
38
80
216
71
2
221
77
194
206
34
28
76
13
202
13
69
81
179
10
115
28
86
18
152
108
60
220
231
156
206
21
195
30
237
10
33
202
87
227
152
122
0
228
135
202
241
204
27
164
215
142
192
45
160
88
153
221
52
129
121
2
150
60
33
131
71
66
77
158
37
229
24
37
201
160
239
186
108
10
95
67
152
31
112
57
120
10
22
172
139
143
175
33
204
208
164
19
18
241
177
55
214
202
93
159
106
76
89
214
87
184
26
239
216
138
40
80
148
62
252
31
206
171
64
154
123
228
173
141
213
94
197
171
40
34
74
146
110
164
105
197
92
131
181
52
13
221
132
162
28
129
193
234
44
2
132
168
230
49
53
188
143
250
103
184
28
178
74
139
86
179
80
178
54
5
231
68
227
107
230
255
236
167
233
25
169
109
193
144
158
246
76
45
241
179
229
13
101
48
152
187
227
233
110
26
238
85
94
209
192
68
208
173
235
185
198
149
38
135
37
196
125
113
242
110
36
215
124
138
7
20
69
235
253
179
5
236
8
99
189
201
167
142
118
146
71
60
39
110
195
76
50
64
189
36
175
226
252
43
108
3
63
177
238
61
101
243
41
109
86
230
54
253
116
172
144
188
232
183
42
171
4
92
236
193
129
155
163
125
198
15
128
5
193
111
66
38
98
107
147
185
82
202
182
198
118
70
130
95
254
172
10
2
9
246
195
138
145
103
7
87
118
135
93
55
246
159
93
89
11
241
18
93
187
200
35
49
15
166
144
13
82
155
15
91
145
210
229
35
57
236
122
176
116
215
231
106
119
69
195
130
54
213
223
241
158
2
34
173
168
179
186
251
78
201
86
223
155
60
2
213
40
125
133
156
84
108
7
203
177
202
77
231
160
44
216
62
47
251
235
215
174
165
210
252
110
41
219
9
101
222
222
141
91
99
42
175
208
49
123
129
251
200
105
155
245
65
217
36
60
196
251
234
105
206
230
215
247
194
225
92
160
191
233
251
35
19
170
243
68
37
116
64
238
221
219
227
31
181
7
91
121
2
70
227
208
44
186
199
238
155
35
142
91
13
137
126
32
52
113
101
89
229
165
71
195
128
42
226
53
49
61
175
52
131
146
4
176
76
204
158
232
239
45
67
252
182
193
29
234
50
130
68
23
39
139
218
167
182
188
221
231
250
140
27
125
30
32
45
106
236
204
82
219
249
149
216
175
86
245
154
136
119
222
160
158
105
122
69
31
55
34
7
49
174
34
174
204
66
220
55
46
168
137
10
161
31
226
80
117
215
234
254
78
200
158
236
50
24
49
81
79
84
88
128
2
123
47
207
189
11
6
236
179
143
246
84
174
216
164
36
175
143
34
253
87
192
233
137
216
26
219
40
110
51
168
113
174
215
64
108
226
70
88
149
213
78
233
132
38
142
168
213
29
202
210
116
138
187
254
98
213
217
138
68
12
51
181
187
10
245
39
237
59
127
130
16
205
108
148
243
250
60
200
23
6
154
139
144
85
137
243
42
98
125
110
111
176
35
42
187
24
81
168
83
208
42
100
157
150
248
144
144
53
88
167
59
242
51
204
71
188
191
113
31
60
224
142
237
3
184
168
28
9
80
111
217
122
211
118
17
204
6
161
1
94
73
60
80
124
8
151
56
199
8
87
4
232
229
241
236
157
153
8
166
233
119
127
99
75
245
116
23
251
22
24
89
95
84
169
219
93
64
19
36
73
107
40
49
80
25
29
238
178
37
148
155
157
20
255
232
9
115
255
5
137
23
94
232
107
8
195
200
72
215
237
145
66
21
195
146
47
224
128
225
6
21
125
163
41
124
139
50
239
138
55
121
161
150
97
12
158
37
213
230
252
194
120
62
215
59
208
6
27
81
232
33
102
101
196
143
225
79
193
208
217
249
73
122
143
171
135
45
208
92
19
204
30
139
10
245
198
218
252
226
43
228
3
145
73
200
32
42
23
226
250
241
219
68
107
106
239
242
151
191
78
170
139
108
54
149
98
252
111
94
222
155
66
226
44
139
170
77
181
193
47
175
178
10
243
30
116
226
16
11
161
95
181
44
203
235
193
45
232
49
139
198
204
205
168
248
88
82
69
13
20
116
189
198
126
176
228
242
147
245
253
52
84
179
97
31
158
34
77
134
83
216
77
31
166
245
24
254
72
93
12
92
210
201
34
80
121
7
67
12
252
64
65
80
243
162
111
146
196
188
24
24
149
101
55
59
91
79
57
163
173
69
255
127
14
33
207
136
40
18
148
36
83
213
116
70
119
228
216
60
160
241
84
53
86
139
112
177
219
170
84
136
239
83
7
254
117
214
134
157
233
26
194
60
240
54
130
103
26
91
163
187
76
247
240
162
131
97
84
94
11
168
230
250
252
237
248
113
195
126
14
172
153
208
232
137
7
107
240
33
198
148
220
18
139
205
180
14
46
8
108
57
177
82
51
173
63
44
30
3
170
44
175
67
253
152
204
4
3
189
37
201
81
2
219
220
207
143
235
253
152
87
54
73
170
105
246
233
149
20
236
64
64
156
131
61
52
80
65
55
13
103
0
94
105
219
58
56
106
37
53
2
125
107
75
39
212
65
16
106
85
253
170
150
153
45
211
205
125
21
4
138
124
4
232
229
223
35
29
73
72
82
76
197
189
151
236
145
217
253
251
46
250
165
196
147
211
152
96
80
173
100
219
41
104
195
14
71
230
43
144
47
125
220
244
58
116
225
203
77
222
199
123
216
108
64
107
63
216
203
144
133
47
107
174
151
46
188
222
21
231
110
68
100
75
56
158
191
25
105
12
247
48
135
207
157
199
58
220
159
5
108
36
52
215
210
203
6
142
169
27
117
24
95
217
99
151
119
34
177
225
46
168
17
181
120
174
125
178
139
28
184
247
65
236
207
19
184
213
162
97
240
23
121
79
241
220
230
104
254
151
73
44
64
91
226
184
9
95
106
148
123
34
140
188
15
91
208
199
48
114
40
32
137
162
111
122
126
85
227
125
237
44
169
45
135
139
229
145
234
79
37
102
114
177
34
129
12
242
72
60
100
112
92
238
18
203
104
145
33
75
14
14
120
183
59
255
67
32
144
45
111
182
147
225
103
182
98
116
168
170
176
13
27
13
251
45
216
99
190
249
175
204
7
39
132
66
38
199
98
183
244
210
109
136
179
212
62
22
72
230
192
249
243
219
6
238
9
222
82
199
216
1
148
223
40
24
34
78
223
132
5
211
86
114
91
10
71
153
32
143
128
224
136
115
188
142
98
197
109
180
140
69
181
32
36
221
56
70
43
23
203
49
235
33
163
70
43
234
224
75
122
96
44
2
211
232
145
53
173
254
233
57
67
158
90
103
123
146
174
167
170
121
216
149
154
123
219
198
102
187
17
224
27
61
226
239
37
115
36
210
113
14
12
180
172
102
28
40
248
202
207
162
67
167
55
221
34
19
163
136
206
181
104
234
242
75
217
24
190
253
234
48
11
246
228
184
92
0
224
85
202
175
247
13
86
47
235
120
66
142
1
16
67
105
250
54
180
211
78
115
209
56
163
220
47
135
148
139
136
116
224
82
35
216
96
121
7
75
242
73
217
243
89
29
92
84
83
17
39
161
132
248
217
39
213
8
174
105
148
54
222
116
137
1
76
233
123
83
52
109
156
13
96
246
42
188
74
125
205
113
30
81
106
248
120
63
0
39
168
148
93
134
9
230
136
85
207
3
169
3
112
69
17
208
59
59
140
133
185
90
247
215
171
97
207
36
160
208
75
72
100
168
207
109
143
87
195
94
90
108
98
202
177
115
154
237
174
38
114
103
128
105
63
44
202
14
80
106
222
155
179
67
67
130
176
210
217
115
49
51
223
147
253
145
6
151
126
180
189
240
28
62
90
91
106
36
105
186
143
72
85
66
139
152
196
59
107
157
175
156
208
142
47
205
31
53
100
157
233
33
142
5
95
232
96
201
12
202
131
155
18
216
221
157
113
161
216
220
62
135
120
14
22
167
219
53
220
63
211
197
97
97
203
192
73
43
138
85
245
13
241
7
230
206
164
87
112
125
51
174
4
171
189
26
82
152
80
46
216
35
243
57
132
190
249
205
234
131
34
223
145
19
231
119
226
139
206
82
8
1
0
13
172
189
39
254
86
119
44
46
154
31
103
30
222
96
235
200
228
14
167
117
33
142
236
3
26
186
85
34
187
86
47
103
19
87
101
105
206
145
151
105
176
254
135
142
95
115
86
67
129
254
184
162
140
164
166
166
94
251
201
25
81
248
128
101
79
229
206
30
118
102
135
38
100
14
181
195
129
11
6
2
9
190
165
150
98
75
60
192
70
5
217
152
254
89
253
77
62
203
107
180
49
242
219
150
1
144
89
130
155
96
133
165
30
42
59
129
117
119
65
187
125
27
83
123
116
80
200
179
28
52
103
77
38
66
227
39
210
61
170
110
157
47
19
187
89
78
60
206
197
126
137
66
153
221
189
13
45
134
192
73
186
40
151
224
106
122
8
61
183
178
171
84
225
190
16
58
12
76
8
209
202
145
20
99
110
209
113
156
87
49
229
17
89
124
242
196
247
250
1
174
172
172
3
141
106
19
199
118
95
207
71
42
96
91
141
207
45
254
107
132
48
80
150
137
205
136
77
196
130
78
114
46
250
117
187
100
136
130
218
232
81
34
18
177
125
159
128
170
158
235
47
206
60
197
87
9
77
165
205
207
243
63
253
238
181
184
82
61
58
45
37
139
79
55
60
204
215
189
119
117
168
166
67
228
107
154
237
184
63
186
135
51
250
132
33
175
60
115
236
118
160
18
1
239
73
61
188
32
250
51
149
163
217
216
135
68
115
117
252
178
47
131
229
41
7
6
216
67
122
197
185
26
215
186
10
32
247
198
65
242
249
214
149
210
175
28
22
34
145
18
212
193
149
186
234
156
192
195
223
58
136
152
85
95
82
95
127
73
37
192
59
30
151
208
240
70
237
6
104
126
24
60
63
173
246
42
73
183
237
40
241
117
192
70
212
18
165
83
91
202
20
151
232
171
103
216
241
84
222
89
211
246
149
18
163
140
60
236
67
41
20
52
158
212
123
114
230
32
198
66
235
218
217
211
133
64
172
118
149
138
207
104
129
100
122
36
240
183
17
51
224
37
104
127
250
227
241
224
3
183
34
238
145
251
194
22
60
110
140
209
248
91
57
121
192
179
158
176
106
175
228
75
212
76
202
206
47
187
175
50
115
209
33
4
205
227
27
9
81
167
218
73
3
19
195
195
198
97
115
49
16
87
124
228
163
70
179
210
1
98
5
116
51
38
121
0
9
148
9
90
59
227
163
62
246
102
1
189
199
117
238
215
204
106
188
112
176
111
66
177
209
71
38
4
109
159
5
118
51
14
208
110
242
116
173
232
218
174
165
162
35
147
121
240
253
53
96
173
164
162
95
117
234
133
122
87
36
127
206
87
141
158
197
127
18
114
104
237
33
13
143
68
161
8
52
158
62
148
76
226
55
171
88
33
48
210
120
84
81
70
171
222
229
112
94
247
227
198
228
4
211
115
72
116
124
125
19
186
17
95
156
72
10
244
105
58
198
226
142
23
40
57
246
13
169
84
5
140
26
233
144
237
93
217
98
217
86
117
147
103
212
47
176
222
36
25
24
234
251
166
2
36
223
248
49
136
76
54
21
102
32
165
83
125
126
181
86
212
42
233
60
254
24
236
220
60
5
244
39
1
154
41
37
121
33
86
2
109
141
23
211
173
188
38
42
59
220
128
15
6
105
75
5
129
55
225
190
61
214
229
62
112
14
99
234
47
185
236
156
70
3
111
243
191
149
29
250
113
157
10
120
6
85
125
136
141
94
70
202
52
43
8
165
57
107
143
104
36
123
4
107
126
115
94
61
8
124
56
122
25
66
242
32
151
111
168
36
205
238
238
2
25
246
167
82
97
54
186
134
177
190
241
47
49
79
108
57
203
164
179
229
230
165
5
126
20
173
162
226
155
145
228
180
135
139
6
233
193
192
111
114
126
96
161
175
175
13
232
123
178
156
96
152
65
101
22
86
18
185
56
173
74
28
97
209
167
103
186
104
39
41
218
165
137
123
84
57
136
60
180
58
216
20
211
26
121
233
112
139
162
168
56
236
196
153
190
107
0
120
211
39
162
173
204
43
40
32
100
176
92
24
235
53
44
190
79
165
167
191
48
74
103
104
54
43
1
244
150
1
109
105
40
15
22
244
58
62
20
159
238
113
183
217
166
228
151
245
137
63
180
186
137
27
34
191
70
36
180
220
37
33
69
78
48
91
66
106
153
87
9
135
200
193
97
110
165
248
99
46
55
23
232
192
50
11
128
120
47
52
84
84
85
153
162
133
244
229
239
141
60
249
20
4
186
117
114
95
110
213
141
165
236
118
102
30
129
230
150
176
26
234
4
111
131
167
244
119
140
227
4
200
220
24
204
150
142
62
245
252
19
131
161
255
249
7
29
122
237
179
42
7
157
46
118
32
213
106
151
97
78
155
41
42
179
245
193
65
51
182
61
70
57
223
69
50
230
98
172
212
21
214
219
178
5
82
210
218
188
105
60
10
4
101
53
184
91
246
249
142
172
55
213
230
22
26
24
252
125
197
208
146
155
172
69
160
254
23
123
186
129
183
197
133
28
250
61
119
240
55
6
156
110
219
130
132
245
155
128
114
96
81
5
251
253
74
156
251
97
23
181
226
206
122
104
234
116
165
98
100
220
104
1
74
67
131
206
56
30
79
171
126
160
176
122
157
250
22
152
91
45
77
62
251
200
166
229
60
75
71
161
40
175
162
114
242
37
65
43
68
144
214
194
48
134
60
205
128
82
101
219
127
178
25
122
122
191
96
183
11
167
88
51
87
250
165
73
31
230
116
99
118
74
38
166
208
98
115
80
181
216
44
52
139
69
175
5
5
15
188
16
182
20
67
13
14
232
87
46
207
203
145
69
22
183
236
230
26
95
55
207
56
99
3
195
168
178
200
173
193
133
189
120
153
0
133
168
233
220
214
184
168
103
253
190
31
233
164
57
73
219
8
129
62
11
68
231
190
12
148
127
145
82
247
43
82
125
211
59
89
169
243
1
16
241
191
47
218
100
104
35
63
112
164
126
124
232
101
58
245
249
185
134
75
177
177
158
46
132
217
135
45
205
137
62
190
72
109
152
172
214
188
236
70
96
106
194
73
207
252
62
200
182
196
20
103
118
178
149
250
139
28
40
88
165
102
22
238
211
175
154
169
107
134
240
203
240
178
20
191
175
82
136
101
23
156
204
141
78
97
135
217
125
175
50
35
21
72
17
233
247
171
146
98
50
130
46
34
53
66
226
228
149
106
73
172
6
21
57
84
118
192
45
243
112
95
22
133
168
39
110
159
211
1
2
5
131
48
39
184
114
9
156
7
115
229
179
121
250
236
205
112
173
251
100
29
90
122
162
2
162
17
162
117
18
164
122
149
212
161
78
70
171
234
78
30
208
1
152
202
238
101
59
155
96
159
184
187
25
90
189
187
107
95
48
125
3
170
19
215
76
97
30
247
75
108
21
27
109
173
230
91
19
33
246
115
192
174
46
217
9
236
149
116
75
197
242
79
112
5
38
188
102
68
179
177
176
200
205
30
118
179
121
137
212
112
252
148
30
43
109
39
23
2
156
98
200
142
177
56
147
216
244
249
28
167
170
205
111
119
235
229
42
100
110
254
212
107
146
243
150
0
26
173
2
182
15
202
68
193
2
215
153
246
208
181
157
123
130
13
242
109
242
29
210
97
27
166
204
174
153
98
174
180
15
176
106
30
123
175
223
125
134
120
116
87
46
17
210
176
30
196
30
17
225
240
114
253
150
62
171
48
160
89
228
175
9
78
205
132
253
173
2
132
37
118
219
83
135
173
4
166
113
34
183
83
18
41
80
168
103
251
216
7
84
188
182
93
11
131
226
8
48
228
140
86
90
103
169
225
20
173
135
134
207
62
217
225
103
41
138
206
36
98
213
120
31
139
213
42
15
183
50
63
155
191
149
245
38
63
215
59
236
94
193
188
157
154
157
4
195
39
211
231
138
168
95
169
52
52
211
67
236
5
130
135
196
24
125
235
87
84
38
67
178
231
255
79
129
157
84
68
196
39
43
78
207
138
247
3
190
202
70
170
208
201
50
148
225
175
127
56
3
165
123
181
140
123
5
13
24
89
81
220
128
124
43
79
6
34
83
197
237
153
111
189
98
161
81
67
80
209
123
83
118
247
9
3
114
14
16
138
103
98
102
231
222
145
54
229
180
137
170
161
35
25
94
133
187
175
201
11
128
68
95
247
59
104
250
173
118
10
55
221
108
158
196
75
47
250
48
227
132
218
132
167
243
226
44
174
146
245
186
18
58
25
9
117
129
3
35
247
14
90
212
122
248
152
197
40
146
245
11
22
207
144
189
195
114
234
113
4
223
43
23
25
68
32
143
197
36
178
188
50
12
144
172
5
40
114
45
187
103
56
209
55
200
143
250
59
121
107
63
88
151
86
114
219
119
1
161
155
179
93
205
191
238
121
196
22
235
241
209
83
42
163
138
242
50
132
45
171
239
109
3
134
195
117
98
58
118
3
213
41
96
162
233
78
28
173
101
7
159
54
90
201
217
228
187
11
104
233
182
88
86
186
222
25
47
64
84
166
67
41
207
164
204
184
242
232
102
87
239
5
142
74
206
103
46
137
115
151
114
41
239
200
227
205
226
19
14
54
185
81
95
136
245
43
65
232
19
167
63
3
172
205
77
122
53
123
3
168
18
118
209
1
62
181
207
32
200
221
86
129
46
182
9
36
225
74
12
245
241
75
248
157
25
69
23
78
192
27
246
211
145
199
212
207
124
163
240
68
128
70
197
175
252
207
211
222
25
223
211
11
42
203
168
67
16
192
145
208
219
135
163
108
79
120
59
203
27
43
16
156
114
213
75
110
164
30
76
190
253
31
201
39
234
113
107
250
49
252
203
12
132
110
120
211
230
180
158
2
223
174
158
81
132
233
192
40
7
12
230
4
44
175
43
22
33
150
17
82
147
220
95
23
74
215
234
49
139
136
51
107
55
209
188
187
186
124
227
193
137
202
197
181
121
240
203
154
135
220
237
26
184
76
49
3
35
27
52
175
163
103
26
218
56
214
149
242
83
121
179
220
67
120
145
188
104
92
87
239
57
68
9
241
144
58
244
179
85
40
98
249
143
124
211
199
83
105
185
166
226
108
130
37
228
19
225
77
111
56
60
168
124
70
154
12
128
142
192
214
183
34
207
70
159
162
14
242
11
199
152
237
52
26
18
24
45
244
101
156
44
162
69
169
232
223
181
104
109
117
62
36
152
13
107
55
176
121
41
187
64
193
169
116
219
187
141
8
175
242
164
220
148
233
133
124
200
58
229
54
176
35
90
72
49
197
127
225
62
168
156
127
105
69
243
68
1
128
76
176
115
240
140
7
218
17
132
162
76
105
216
252
140
51
68
189
248
195
158
55
107
59
182
212
128
169
24
129
42
100
50
157
84
190
164
46
208
40
209
28
145
169
24
30
220
92
219
213
31
122
12
138
181
194
94
53
107
118
183
149
218
233
50
46
167
215
93
119
255
46
147
145
215
171
175
180
7
138
137
38
4
149
176
185
87
14
239
194
132
166
88
94
143
138
141
54
97
234
174
97
24
65
242
239
237
161
163
244
43
44
27
48
193
203
233
24
218
216
219
94
126
51
189
13
189
74
68
31
52
242
128
76
51
114
59
32
19
223
21
62
11
48
110
205
251
88
229
213
48
192
52
175
243
241
188
177
59
0
208
111
242
80
187
38
194
246
70
213
213
91
19
225
139
130
174
135
218
147
92
10
84
144
185
71
129
118
248
188
118
200
43
105
24
230
143
218
221
213
175
178
49
195
147
188
69
65
67
31
213
160
41
41
48
227
112
178
89
105
110
207
49
154
56
74
128
199
36
93
157
212
16
206
151
163
138
220
229
206
251
186
110
36
227
158
7
83
80
96
188
191
48
238
89
104
56
217
48
92
55
205
48
71
155
199
234
37
163
207
243
158
137
97
195
108
0
202
192
80
43
124
15
91
106
104
195
162
66
243
255
121
192
47
192
91
247
170
129
154
122
116
57
3
214
252
112
214
198
48
38
241
172
54
76
23
158
16
185
224
3
184
89
196
232
25
31
223
196
160
121
62
21
178
65
235
174
177
193
117
225
231
102
142
29
179
165
188
195
94
156
198
23
246
138
255
15
170
222
211
74
87
17
95
10
83
74
184
4
11
45
230
243
148
116
16
71
25
204
10
119
105
208
142
95
91
141
110
5
107
66
79
195
83
175
205
166
249
133
171
5
179
145
248
71
5
8
142
30
213
152
149
62
104
36
157
195
177
11
200
29
77
24
224
161
199
173
71
192
50
242
197
229
131
189
44
136
198
186
166
155
82
60
217
187
96
118
126
17
129
71
46
207
95
14
112
38
187
183
230
238
170
172
211
45
105
0
182
47
186
92
202
13
152
163
200
248
25
70
10
155
141
56
106
236
71
218
18
2
145
249
240
59
165
196
105
14
196
31
62
126
123
8
139
20
172
83
12
197
154
22
96
39
79
202
20
150
164
38
152
54
31
137
113
196
77
218
211
17
249
17
143
117
25
27
137
197
110
149
139
8
172
235
48
251
182
68
145
90
106
41
144
138
178
2
78
255
220
33
16
214
50
160
75
76
187
212
17
41
105
156
50
21
136
98
16
62
166
161
152
16
203
41
154
125
43
233
125
7
10
141
221
61
45
40
137
232
252
154
18
102
55
68
123
191
166
140
253
76
45
149
92
248
190
247
118
233
224
243
241
234
128
206
39
174
247
176
150
243
75
168
89
130
236
213
65
146
97
62
222
142
211
59
135
146
50
253
123
18
240
108
252
112
59
36
30
50
212
181
37
31
93
127
161
74
84
226
220
181
32
187
67
244
246
202
134
40
199
1
58
183
110
54
40
169
90
70
219
47
251
0
78
89
127
240
163
211
210
127
136
243
58
204
231
48
150
109
88
94
110
146
21
220
201
61
133
35
132
96
82
127
97
161
216
224
145
123
180
99
251
60
86
53
8
61
102
159
170
190
253
25
81
18
245
26
80
123
61
212
219
144
83
60
49
44
29
194
167
209
37
162
13
124
216
22
185
62
181
100
252
178
125
77
196
114
103
20
237
165
232
201
53
60
5
102
104
34
40
15
243
77
178
1
201
138
23
131
200
204
231
196
126
100
18
66
214
121
87
196
30
63
141
83
123
146
185
227
181
225
243
168
47
165
169
248
47
192
123
247
140
98
187
10
198
205
77
157
71
164
97
101
227
238
185
95
128
114
66
53
84
53
222
131
218
135
123
9
72
247
0
212
89
188
223
32
137
44
189
208
208
30
54
179
12
239
18
140
97
85
194
181
138
160
56
101
39
180
110
111
171
111
68
4
43
35
36
180
79
225
133
31
255
187
210
11
170
229
152
11
58
90
193
196
250
249
41
33
173
152
145
88
7
213
93
50
248
129
230
71
99
107
102
98
38
56
110
208
29
6
220
87
96
157
28
90
150
69
123
68
221
12
156
228
225
249
22
217
123
253
32
222
104
134
64
143
191
174
95
220
180
59
52
20
216
80
110
111
149
234
179
115
246
79
87
216
73
110
177
196
107
210
162
211
88
226
98
23
145
194
244
69
253
40
90
214
120
200
69
13
178
248
128
169
71
216
129
144
70
50
84
177
4
246
132
93
217
231
116
106
169
104
175
166
144
9
124
8
210
193
22
132
185
150
45
1
110
174
145
180
225
230
101
229
220
234
66
181
209
183
31
122
31
207
32
176
216
157
184
170
94
206
47
24
101
92
25
211
11
170
136
236
144
237
209
109
215
20
34
168
203
66
34
234
17
67
154
233
224
83
148
62
33
195
86
134
31
111
90
42
26
226
22
170
207
232
23
167
252
58
79
199
124
114
177
141
181
76
118
149
159
10
211
192
205
42
71
237
153
161
23
179
131
46
94
82
22
117
249
18
175
73
217
43
187
138
184
112
214
47
5
117
57
216
54
7
2
125
244
156
30
11
79
161
57
173
243
79
35
237
97
210
54
58
254
241
197
182
97
155
229
102
17
31
62
71
38
65
196
26
221
226
37
44
131
95
218
118
174
253
99
16
207
153
74
205
138
15
132
235
171
105
81
188
136
144
3
174
209
199
200
174
169
238
218
44
77
180
162
251
177
6
11
129
159
86
78
42
101
210
21
16
60
103
204
196
247
207
115
200
150
59
118
63
41
80
107
118
5
14
114
182
20
125
55
179
211
134
221
57
88
243
73
148
90
22
89
81
229
204
25
124
7
143
187
49
223
39
167
228
53
25
155
73
151
210
252
106
88
218
163
177
205
237
69
39
3
158
120
232
106
145
100
114
32
32
163
255
71
74
228
124
100
127
197
251
81
193
101
170
155
9
91
104
246
160
143
249
63
7
225
169
152
70
27
184
102
190
184
173
9
156
41
109
27
238
104
108
175
205
22
75
214
113
179
204
18
67
197
81
74
167
250
227
237
22
155
83
212
83
0
221
239
41
74
10
23
178
119
198
128
141
17
86
255
197
35
17
8
232
98
82
143
92
53
124
114
209
207
71
36
207
36
20
248
111
30
15
33
149
214
161
35
231
248
34
172
27
51
180
3
149
7
147
241
60
15
100
13
223
171
50
174
207
70
167
62
100
182
96
250
140
1
29
116
249
63
32
20
114
213
24
7
220
171
248
24
186
92
38
153
7
88
72
215
158
239
21
2
165
117
252
50
119
25
166
112
88
198
133
202
155
157
209
119
72
202
144
2
38
182
156
46
14
228
5
172
211
26
174
120
144
171
170
7
196
80
119
29
23
252
231
178
153
185
42
225
131
186
228
169
112
128
215
126
100
220
42
55
247
216
175
135
131
90
142
72
170
5
101
193
2
76
116
155
5
158
125
136
88
97
50
200
225
9
70
69
230
112
124
221
72
43
100
204
133
242
20
48
247
121
241
249
197
101
149
203
3
18
83
91
115
133
35
84
143
105
153
117
217
21
82
34
64
182
238
198
168
2
246
159
123
231
153
64
77
46
11
80
64
95
172
179
228
207
7
115
57
160
232
18
181
58
52
245
240
34
187
152
36
177
56
159
153
209
224
230
255
235
54
63
74
226
242
47
178
249
162
235
153
139
253
78
197
50
67
182
84
