7.416199
6.082763
9.591663
14.247807
13.564660
14.899664
14.866069
10.862781
14.177446
14.212670
15.459625
7.549834
8.306623
13.892445
8.602325
7.874008
9.327379
6.928204
10.908712
8.485281
5.567764
14.899664
8.544004
4.582576
11.874342
15.874508
7.681146
4.898979
8.062258
13.114878
13.228756
10.954451
14.456833
3.316625
8.246211
11.704700
15.297058
5.744563
-nan
13.379087
15.362291
15.459625
15.362291
7.000000
13.266499
7.348469
10.535654
2.645751
10.099504
15.198685
8.944272
11.532562
14.035669
12.369317
12.409674
9.055386
12.206556
14.628738
10.295630
14.628738
11.401754
5.000000
8.888195
9.110434
6.082763
12.124355
14.832397
3.872983
13.416409
14.832397
13.928389
12.649111
14.247807
13.190907
14.456833
11.135529
15.099669
8.062258
11.445523
8.602325
6.324555
14.525839
14.422205
15.394804
10.440307
10.295630
7.937254
1.414214
8.000000
13.038404
14.730920
13.928389
13.964240
6.324555
4.582576
15.231546
13.674794
15.556349
15.716234
10.535654
14.352700
13.601471
4.000000
12.409674
10.148891
15.000000
4.690416
8.660254
5.830952
12.369317
12.247449
8.602325
10.440307
10.099504
7.416199
14.764823
14.422205
10.908712
14.832397
4.123106
5.744563
13.453625
14.525839
15.099669
14.866069
15.264338
14.317822
12.328828
14.798649
14.000000
2.828427
13.000000
11.224972
4.898979
8.185352
15.132746
15.779734
9.433981
7.000000
5.291503
15.588457
14.106736
10.099504
9.797958
6.708204
12.569805
7.615773
15.905973
4.582576
4.690416
3.741657
7.348469
14.282857
15.033297
5.099020
13.000000
14.247807
15.198685
8.124039
12.884098
13.114878
8.602325
8.888195
6.480741
9.899495
12.124355
3.872983
9.539392
15.362291
8.000000
10.908712
14.933185
2.645751
14.899664
7.937254
7.211102
11.135529
11.000000
7.071068
12.041595
12.000000
8.000000
14.106736
9.591663
5.830952
15.000000
2.236068
15.394804
14.177446
8.426149
12.124355
10.816654
12.041595
15.066519
12.609520
15.588457
10.862781
13.190907
8.888195
9.899495
15.459625
14.071247
8.124039
15.684387
12.806249
11.357817
6.557439
5.656854
15.842979
9.643650
13.304134
11.789825
12.529964
10.954451
15.198685
13.856407
9.486834
15.362291
13.152946
5.916080
7.211102
8.062258
12.328828
14.035669
6.000000
7.416199
13.601471
12.409674
15.132746
2.828427
15.874508
14.560220
14.352700
7.874008
14.247807
10.723805
13.856407
15.684387
12.124355
13.674794
9.110434
8.306623
8.366600
15.491934
13.747726
6.708204
13.266499
4.795832
5.000000
9.695360
7.615773
8.774964
12.609520
14.491377
4.358899
13.964240
3.000000
14.282857
9.643650
15.459625
14.560220
9.433981
13.964240
12.727922
12.328828
11.916375
4.582576
9.380832
11.489125
13.000000
4.358899
14.662878
15.427248
9.433981
14.142136
13.076696
11.575837
10.954451
13.964240
12.609520
14.628738
15.905973
15.394804
10.816654
14.422205
-nan
7.483315
14.730920
14.282857
12.206556
14.142136
12.649111
15.459625
11.832159
8.124039
11.618950
5.099020
9.380832
14.933185
12.609520
inf
15.556349
10.862781
15.459625
8.660254
7.874008
12.409674
14.456833
13.527749
9.643650
10.583006
11.874342
9.539392
9.643650
1.732051
6.557439
9.643650
7.681146
2.000000
6.403124
14.456833
14.317822
14.177446
13.856407
9.433981
3.464102
8.426149
10.723805
10.000000
6.164414
4.242640
10.049875
4.898979
11.704700
9.165152
9.949875
14.106736
15.427248
7.211102
11.224972
8.717798
12.806249
3.464102
12.922848
1.414214
3.872983
14.491377
9.746794
8.602325
14.628738
11.704700
5.196153
12.767145
9.055386
14.798649
15.874508
9.695360
5.830952
10.583006
13.928389
8.485281
11.401754
6.244998
9.797958
3.316625
11.090536
13.964240
14.525839
10.295630
15.716234
9.000000
13.490738
12.489996
9.643650
9.643650
12.569805
10.392305
6.855655
15.905973
13.527749
2.236068
11.575837
14.491377
13.000000
14.730920
13.190907
12.845232
7.416199
14.422205
4.582576
15.811388
5.000000
12.328828
5.744563
11.000000
12.767145
12.529964
7.810249
10.862781
2.645751
7.211102
14.142136
13.747726
14.422205
6.082763
5.099020
10.488089
12.083046
8.544004
10.392305
8.544004
8.831760
15.556349
5.196153
15.716234
14.247807
14.177446
12.529964
1.732051
12.409674
13.341663
15.905973
13.379087
8.602325
5.477225
6.633249
15.427248
13.674794
10.246950
10.000000
13.928389
12.569805
6.633249
11.269428
10.488089
9.055386
12.369317
14.866069
15.099669
15.033297
8.544004
6.708204
7.000000
7.681146
8.485281
6.324555
2.645751
4.242640
14.035669
3.162278
13.114878
10.954451
2.645751
9.746794
13.928389
6.082763
11.789825
13.266499
15.000000
15.652475
4.582576
12.767145
12.124355
8.062258
5.916080
inf
12.124355
13.711309
14.899664
10.908712
12.609520
6.244998
12.806249
14.422205
9.949875
15.394804
15.748016
10.295630
15.968719
13.784048
10.770329
13.076696
7.348469
11.090536
3.162278
15.748016
12.649111
12.206556
13.000000
11.357817
11.747340
13.784048
6.082763
5.385165
15.968719
8.485281
5.567764
12.124355
2.000000
15.905973
3.162278
12.767145
6.082763
13.228756
10.723805
11.661903
12.489996
10.392305
15.556349
12.449900
6.480741
10.099504
8.366600
9.797958
15.000000
8.944272
9.380832
11.357817
15.132746
inf
1.732051
10.583006
13.820274
6.324555
11.874342
13.820274
10.583006
13.114878
9.055386
10.770329
13.038404
9.591663
4.898979
14.387495
3.316625
11.789825
9.327379
12.922848
15.716234
8.544004
8.124039
5.744563
13.228756
11.661903
11.357817
12.000000
14.696939
14.764823
4.123106
13.784048
14.798649
4.472136
6.782330
12.449900
7.745967
13.674794
9.486834
13.114878
10.198039
13.114878
5.744563
4.242640
2.828427
7.549834
15.000000
4.472136
14.000000
7.483315
13.674794
13.711309
11.357817
15.937378
14.866069
6.928204
11.575837
9.746794
13.856407
9.746794
7.549834
14.456833
5.385165
4.472136
15.165751
8.660254
13.228756
5.830952
2.449490
3.000000
14.387495
10.488089
13.453625
15.491934
11.313708
13.784048
6.403124
9.848858
14.491377
15.394804
12.369317
11.874342
13.000000
5.099020
11.789825
11.618950
8.602325
4.242640
15.165751
3.162278
10.630146
5.567764
14.832397
11.916375
7.141428
13.928389
14.730920
15.066519
15.099669
14.933185
15.362291
13.379087
8.831760
12.727922
12.767145
14.352700
9.797958
14.282857
6.928204
7.071068
13.638182
14.177446
13.820274
9.949875
15.099669
8.660254
15.297058
6.782330
9.643650
14.422205
7.549834
14.352700
15.459625
4.582576
9.591663
5.916080
14.662878
7.280110
2.449490
13.674794
4.472136
15.556349
10.535654
9.899495
12.165525
4.242640
7.000000
15.620499
14.933185
9.848858
6.164414
12.369317
6.480741
15.165751
15.874508
3.741657
7.000000
15.198685
7.810249
11.916375
13.527749
10.862781
9.591663
12.922848
11.789825
13.564660
14.212670
9.899495
15.394804
14.422205
5.385165
inf
13.928389
11.832159
10.000000
9.327379
12.609520
12.206556
8.660254
11.224972
15.684387
10.677078
4.795832
5.656854
9.380832
4.358899
6.855655
11.704700
15.811388
10.392305
4.795832
13.341663
15.033297
10.723805
9.433981
10.440307
6.557439
5.916080
14.387495
4.898979
15.588457
15.362291
5.000000
13.453625
11.000000
11.180340
3.464102
4.898979
4.242640
9.380832
12.247449
2.828427
14.212670
13.152946
6.403124
5.830952
13.856407
9.380832
13.076696
13.674794
14.000000
13.928389
10.440307
12.884098
7.280110
14.071247
4.358899
9.797958
15.264338
15.033297
10.954451
14.832397
14.352700
12.041595
12.041595
8.426149
3.872983
12.569805
9.746794
5.744563
15.684387
15.652475
6.480741
13.856407
12.727922
9.110434
15.033297
9.949875
13.076696
11.874342
5.477225
10.535654
8.888195
11.789825
4.582576
11.489125
9.000000
6.324555
15.099669
7.615773
3.162278
9.591663
4.690416
14.696939
15.394804
12.922848
5.656854
15.874508
8.306623
11.269428
5.477225
7.681146
10.816654
8.485281
15.842979
4.795832
12.449900
14.866069
11.045361
8.366600
10.295630
12.328828
13.453625
13.601471
5.916080
14.212670
7.810249
10.770329
15.556349
5.744563
13.190907
15.874508
11.180340
14.000000
14.560220
10.344080
10.392305
15.620499
10.148891
13.304134
10.770329
11.532562
15.394804
15.264338
14.317822
15.231546
-nan
10.198039
14.071247
11.090536
13.190907
6.928204
4.358899
9.949875
15.297058
7.416199
6.708204
6.244998
13.076696
5.567764
8.544004
9.486834
5.196153
14.071247
5.477225
15.491934
7.000000
11.747340
15.099669
12.369317
7.745967
9.380832
5.477225
6.403124
8.062258
15.362291
4.123106
8.124039
9.165152
14.662878
13.747726
1.732051
2.828427
14.422205
10.099504
15.556349
2.645751
12.165525
5.000000
13.379087
13.379087
9.899495
3.605551
14.387495
6.403124
6.557439
13.820274
9.486834
13.490738
12.767145
15.588457
15.556349
15.874508
4.242640
5.196153
7.810249
15.937378
6.633249
11.269428
9.055386
2.000000
7.745967
9.219544
3.464102
3.605551
13.711309
15.937378
4.472136
8.944272
4.795832
14.106736
1.732051
11.045361
14.560220
14.491377
12.767145
-nan
12.041595
15.905973
13.490738
7.280110
15.524175
12.961481
7.000000
1.732051
13.964240
10.488089
inf
15.459625
15.427248
9.110434
15.588457
6.480741
13.000000
15.968719
7.416199
10.049875
15.905973
8.717798
13.453625
4.582576
4.358899
13.564660
11.958261
15.231546
11.789825
7.071068
15.231546
5.291503
6.855655
12.569805
9.000000
5.656854
8.366600
11.401754
5.916080
3.000000
15.524175
6.000000
15.748016
14.933185
10.954451
15.362291
3.000000
5.744563
15.329710
8.062258
11.575837
15.264338
11.874342
7.681146
15.937378
12.649111
15.588457
11.874342
11.661903
11.224972
13.820274
10.583006
12.449900
15.427248
3.741657
15.362291
3.872983
9.165152
10.535654
7.071068
9.643650
9.797958
9.327379
9.273619
7.937254
14.387495
8.124039
8.485281
15.491934
6.708204
11.704700
10.862781
4.690416
4.690416
13.304134
4.472136
13.527749
12.806249
12.688578
7.937254
5.916080
9.797958
13.266499
13.784048
8.888195
13.784048
13.038404
9.695360
4.358899
5.000000
12.000000
10.583006
11.000000
15.198685
14.071247
13.564660
13.490738
2.828427
inf
12.884098
7.348469
11.747340
5.291503
8.717798
12.688578
14.317822
9.848858
9.380832
10.677078
1.414214
12.288206
12.206556
9.949875
8.426149
9.110434
13.341663
2.449490
15.905973
4.000000
5.000000
4.795832
12.649111
11.704700
12.000000
11.661903
8.944272
8.544004
7.874008
9.380832
8.602325
15.132746
11.916375
14.560220
inf
14.798649
10.816654
14.387495
7.745967
14.317822
8.062258
7.874008
10.049875
14.628738
12.688578
13.114878
6.403124
9.110434
13.341663
6.164414
9.949875
14.247807
7.810249
2.000000
9.219544
14.352700
11.832159
12.845232
4.795832
14.212670
15.905973
9.848858
13.228756
11.832159
7.280110
13.304134
10.148891
13.076696
11.313708
12.767145
10.954451
13.892445
15.000000
14.866069
12.288206
11.445523
11.747340
13.856407
14.628738
7.745967
15.165751
7.615773
2.828427
6.000000
7.874008
9.643650
15.556349
14.212670
1.414214
3.000000
12.165525
15.968719
10.295630
8.246211
11.789825
12.609520
15.652475
15.556349
8.602325
10.816654
12.206556
13.964240
7.348469
10.908712
12.649111
14.317822
15.811388
6.480741
11.874342
14.422205
10.148891
10.723805
3.162278
10.535654
12.288206
8.485281
14.282857
11.704700
4.242640
14.352700
12.083046
12.922848
14.317822
15.874508
15.329710
9.433981
12.489996
14.966629
8.660254
15.165751
9.219544
15.000000
13.000000
11.789825
9.380832
8.602325
9.380832
9.055386
10.770329
15.132746
5.830952
14.798649
9.380832
6.708204
8.602325
15.491934
10.816654
4.690416
11.000000
11.661903
15.099669
3.464102
6.855655
13.341663
2.828427
5.099020
3.316625
12.806249
15.811388
9.273619
11.789825
8.888195
7.416199
7.211102
14.764823
11.958261
11.224972
7.071068
15.000000
15.588457
4.795832
2.000000
14.352700
10.535654
7.000000
5.000000
9.746794
12.884098
6.855655
14.730920
6.782330
4.472136
15.132746
9.643650
14.071247
15.394804
10.908712
14.456833
12.083046
10.630146
6.244998
5.385165
13.856407
9.746794
9.000000
12.409674
15.427248
14.422205
14.282857
14.422205
13.964240
15.066519
14.560220
12.041595
9.110434
2.236068
13.038404
13.341663
13.076696
14.764823
11.789825
14.764823
15.427248
10.583006
7.416199
13.416409
9.695360
13.228756
11.532562
15.491934
5.656854
13.114878
3.605551
15.000000
3.316625
9.695360
11.090536
15.811388
6.782330
8.485281
14.212670
15.524175
6.557439
12.569805
11.445523
11.224972
12.767145
6.708204
7.000000
8.831760
2.645751
13.711309
6.324555
15.652475
6.708204
9.797958
13.000000
11.789825
3.872983
6.782330
11.090536
6.855655
14.798649
11.661903
4.000000
15.165751
15.165751
11.832159
14.966629
4.582576
14.560220
13.038404
2.449490
15.968719
8.485281
11.704700
11.224972
15.329710
13.527749
13.228756
7.615773
13.784048
10.344080
9.899495
13.416409
12.328828
13.928389
9.643650
5.916080
14.456833
11.832159
12.569805
inf
10.148891
6.164414
4.123106
8.774964
3.605551
12.529964
6.782330
5.830952
10.630146
14.696939
6.324555
10.630146
5.744563
13.341663
15.459625
3.464102
10.246950
12.569805
8.366600
6.244998
3.000000
13.000000
14.798649
12.727922
10.344080
7.549834
14.035669
7.810249
14.035669
10.000000
7.874008
6.633249
11.747340
8.888195
11.000000
12.288206
15.394804
12.922848
13.601471
9.695360
11.313708
15.033297
14.387495
12.688578
12.165525
13.784048
13.152946
15.905973
9.591663
15.620499
6.000000
10.099504
12.529964
-nan
2.828427
2.828427
7.549834
14.317822
8.306623
15.937378
7.000000
11.445523
6.480741
13.711309
14.525839
12.767145
9.110434
13.856407
8.660254
3.605551
5.477225
14.247807
15.459625
15.427248
10.392305
11.445523
13.114878
5.000000
11.313708
3.000000
3.605551
12.806249
10.535654
13.038404
12.806249
10.908712
13.379087
14.866069
8.246211
15.748016
14.798649
10.862781
11.135529
2.236068
7.071068
8.888195
13.000000
11.532562
3.872983
15.620499
12.083046
6.708204
13.820274
11.357817
5.196153
6.557439
2.000000
14.142136
8.246211
11.489125
14.456833
9.055386
6.403124
8.000000
15.874508
14.317822
13.527749
13.228756
13.076696
15.842979
12.961481
11.575837
10.630146
6.000000
11.832159
12.767145
10.723805
7.280110
6.403124
11.401754
6.403124
13.674794
13.228756
15.231546
7.810249
14.247807
4.358899
8.062258
12.124355
9.327379
14.071247
10.000000
13.000000
15.459625
12.806249
12.884098
13.711309
9.539392
9.219544
10.148891
9.273619
15.905973
15.427248
14.142136
5.744563
11.045361
10.344080
12.165525
13.228756
12.165525
4.690416
14.696939
8.944272
14.071247
13.856407
11.874342
12.041595
14.525839
14.352700
6.000000
6.480741
12.165525
11.661903
14.560220
11.445523
6.633249
11.045361
8.000000
11.618950
14.387495
12.922848
14.866069
14.317822
12.206556
12.845232
15.427248
3.872983
4.123106
11.445523
13.784048
12.845232
12.369317
12.247449
15.652475
9.746794
9.273619
11.401754
15.491934
6.403124
9.000000
4.472136
9.165152
15.132746
12.489996
6.324555
10.246950
14.142136
12.727922
13.000000
8.888195
10.630146
8.944272
6.708204
7.874008
15.165751
14.491377
6.708204
15.652475
15.066519
13.266499
13.416409
11.704700
8.544004
8.602325
11.224972
13.000000
12.688578
inf
12.369317
14.212670
9.055386
13.190907
5.477225
7.416199
8.602325
8.366600
12.649111
4.358899
15.231546
8.544004
9.899495
9.486834
12.409674
11.958261
12.328828
11.313708
9.899495
14.035669
10.816654
8.306623
10.816654
6.403124
14.352700
13.820274
10.770329
8.774964
10.198039
4.582576
8.831760
inf
14.933185
12.649111
13.228756
15.937378
14.662878
15.811388
8.246211
10.954451
3.605551
6.708204
13.892445
10.535654
11.618950
9.539392
15.968719
5.567764
14.798649
9.848858
15.132746
9.000000
12.884098
9.486834
11.045361
10.816654
5.000000
15.427248
13.928389
11.357817
1.732051
4.000000
11.445523
15.066519
13.266499
7.071068
15.000000
11.618950
6.633249
6.082763
15.968719
7.549834
9.055386
13.892445
13.000000
14.730920
5.291503
12.961481
15.779734
15.748016
3.000000
14.899664
8.544004
13.228756
7.483315
13.964240
6.000000
9.055386
13.341663
15.165751
14.525839
13.453625
15.684387
9.273619
12.328828
12.884098
11.704700
11.000000
6.782330
13.453625
12.609520
6.708204
15.459625
15.524175
15.427248
12.328828
14.247807
3.316625
8.000000
14.000000
1.732051
8.544004
12.727922
8.717798
15.748016
14.764823
3.872983
5.385165
6.633249
13.892445
1.732051
-nan
10.908712
15.811388
9.273619
3.872983
12.649111
14.933185
11.704700
14.352700
12.206556
6.324555
15.874508
11.489125
5.000000
15.297058
5.291503
15.099669
15.652475
9.591663
12.961481
15.748016
12.845232
8.602325
8.246211
12.529964
6.082763
9.165152
13.638182
9.000000
4.582576
13.784048
9.000000
11.832159
13.564660
12.961481
12.489996
9.380832
11.618950
6.082763
6.244998
5.291503
8.774964
5.916080
12.649111
10.099504
3.605551
13.711309
8.660254
1.732051
4.898979
15.588457
15.842979
13.747726
7.874008
8.000000
9.539392
9.949875
12.165525
4.582576
13.416409
13.000000
14.525839
2.449490
7.348469
11.789825
13.190907
14.491377
15.099669
7.280110
15.716234
3.316625
9.055386
8.246211
6.782330
15.556349
13.038404
7.681146
13.228756
15.652475
7.874008
14.106736
15.264338
7.615773
11.532562
6.244998
11.045361
14.966629
11.747340
3.741657
15.652475
7.874008
13.527749
14.177446
8.246211
15.394804
9.165152
15.556349
13.820274
7.483315
6.324555
13.490738
8.185352
11.045361
15.811388
10.630146
10.392305
12.845232
13.152946
5.196153
12.409674
15.329710
15.066519
11.445523
6.082763
10.198039
13.038404
12.609520
8.485281
7.211102
13.152946
7.810249
10.723805
10.049875
2.449490
13.527749
9.055386
9.539392
13.038404
4.242640
12.124355
14.491377
14.142136
14.662878
8.717798
13.964240
8.485281
13.564660
10.198039
15.652475
14.560220
1.414214
15.000000
13.527749
11.575837
2.449490
5.567764
6.928204
12.884098
10.148891
10.049875
9.110434
12.806249
14.696939
13.564660
13.076696
11.958261
3.316625
2.449490
7.549834
5.385165
12.369317
3.316625
15.132746
10.583006
9.327379
12.961481
13.601471
4.000000
4.000000
13.190907
15.099669
4.358899
11.958261
12.449900
12.369317
12.247449
13.638182
14.177446
7.745967
5.744563
6.782330
11.958261
14.035669
2.449490
8.485281
10.583006
12.247449
9.110434
10.862781
14.387495
10.583006
4.000000
14.798649
9.219544
11.313708
7.071068
15.937378
7.549834
8.124039
3.741657
15.231546
6.164414
5.744563
10.908712
13.892445
13.638182
3.605551
11.090536
11.489125
8.544004
12.489996
13.341663
14.730920
9.899495
13.601471
5.744563
14.491377
8.888195
10.770329
8.544004
5.477225
15.099669
9.433981
15.779734
7.549834
14.730920
6.633249
7.416199
4.358899
10.488089
8.366600
15.842979
12.206556
10.148891
10.677078
9.273619
5.830952
11.313708
14.491377
12.884098
14.177446
10.488089
9.380832
12.727922
14.422205
4.123106
13.964240
12.767145
9.797958
7.416199
15.362291
11.269428
5.196153
8.306623
10.954451
9.219544
5.477225
12.806249
11.832159
7.000000
4.358899
14.491377
6.633249
12.961481
7.615773
12.609520
15.937378
9.591663
5.567764
14.422205
1.414214
15.231546
7.937254
9.486834
11.789825
3.872983
10.392305
8.831760
13.341663
14.282857
11.575837
12.569805
8.660254
12.688578
15.066519
14.000000
15.684387
1.414214
10.198039
11.445523
7.141428
11.090536
9.219544
9.797958
5.916080
11.958261
15.968719
5.830952
15.329710
5.477225
15.556349
15.394804
2.449490
7.000000
8.485281
12.041595
8.062258
13.416409
14.966629
15.588457
11.313708
10.099504
12.083046
14.282857
2.645751
10.816654
12.000000
15.937378
10.908712
15.748016
11.357817
13.076696
10.770329
14.628738
3.316625
12.288206
10.099504
3.162278
13.601471
9.000000
6.324555
13.114878
7.937254
6.782330
14.866069
11.618950
13.856407
5.477225
7.681146
12.649111
4.242640
13.674794
2.449490
12.806249
11.618950
3.605551
5.000000
4.795832
3.316625
12.041595
4.000000
11.832159
7.745967
11.489125
9.949875
8.426149
5.196153
14.177446
9.000000
14.594520
5.099020
11.000000
11.357817
9.433981
12.922848
9.695360
14.966629
10.148891
11.180340
5.196153
2.645751
11.958261
14.662878
3.605551
7.141428
9.695360
5.196153
8.717798
10.862781
6.164414
14.866069
11.575837
13.379087
5.000000
3.162278
4.690416
9.797958
6.082763
14.933185
13.304134
15.811388
15.779734
6.480741
11.090536
9.110434
14.491377
14.764823
7.141428
7.549834
9.327379
8.888195
8.062258
15.165751
6.164414
8.831760
5.000000
11.489125
10.246950
10.049875
15.811388
12.000000
8.185352
11.313708
8.185352
9.591663
11.747340
9.433981
13.747726
13.266499
7.483315
10.488089
13.038404
7.000000
12.369317
6.164414
11.489125
10.344080
-nan
13.564660
12.806249
9.327379
2.645751
15.132746
7.810249
6.708204
7.211102
9.273619
13.304134
12.529964
13.674794
13.114878
6.708204
15.937378
6.633249
10.583006
9.539392
13.527749
14.177446
4.898979
10.148891
inf
11.575837
4.123106
7.141428
5.567764
7.416199
13.527749
11.747340
7.416199
10.535654
6.855655
11.916375
10.862781
4.472136
14.247807
12.767145
8.485281
5.744563
9.219544
15.165751
14.866069
inf
4.358899
14.798649
6.708204
11.489125
7.348469
15.099669
8.774964
8.831760
8.660254
8.888195
14.594520
9.643650
11.401754
15.620499
12.165525
7.549834
11.269428
14.282857
13.000000
13.190907
9.486834
5.567764
13.928389
6.164414
13.964240
3.316625
8.426149
4.898979
15.524175
6.000000
5.000000
2.000000
-nan
8.366600
11.661903
7.348469
6.557439
14.628738
11.532562
10.862781
6.082763
9.486834
14.525839
12.922848
8.831760
10.198039
14.966629
14.317822
7.211102
11.704700
11.090536
11.916375
13.000000
7.874008
13.416409
10.392305
8.544004
15.874508
11.489125
7.615773
5.656854
12.529964
7.874008
5.656854
15.066519
14.106736
9.327379
3.741657
12.529964
14.832397
11.532562
13.928389
7.348469
9.380832
10.246950
11.489125
13.856407
8.544004
9.055386
15.620499
14.525839
14.317822
11.445523
11.135529
3.316625
7.416199
15.231546
9.165152
7.141428
10.392305
11.916375
9.165152
3.000000
14.317822
10.770329
15.362291
12.165525
14.247807
15.842979
7.000000
12.922848
11.313708
15.588457
14.866069
14.696939
9.591663
9.899495
12.369317
12.845232
13.416409
11.874342
10.954451
11.357817
4.000000
15.620499
11.874342
8.485281
14.832397
15.000000
11.090536
8.485281
10.583006
14.387495
9.000000
7.810249
8.246211
7.874008
14.456833
3.872983
7.549834
1.414214
13.527749
13.601471
15.652475
12.165525
12.041595
9.000000
15.684387
6.480741
15.684387
13.038404
13.564660
10.535654
6.633249
14.142136
9.949875
13.601471
4.000000
8.000000
12.409674
11.832159
11.661903
3.162278
9.539392
14.764823
8.426149
12.609520
4.898979
4.898979
13.228756
9.000000
5.099020
10.099504
3.162278
3.872983
15.811388
12.449900
9.797958
15.524175
14.071247
9.327379
12.449900
11.224972
14.071247
14.106736
8.366600
6.403124
11.313708
9.327379
10.246950
5.196153
15.066519
15.556349
6.082763
7.874008
14.282857
10.440307
14.899664
15.099669
11.532562
11.874342
7.280110
12.649111
15.588457
7.937254
13.228756
15.394804
14.764823
4.000000
14.899664
12.649111
10.148891
11.045361
5.477225
6.708204
8.062258
10.049875
9.273619
13.928389
13.711309
13.856407
14.866069
12.609520
13.341663
1.414214
14.866069
11.224972
10.535654
13.674794
9.899495
15.652475
8.485281
12.288206
12.206556
7.681146
14.628738
8.246211
6.403124
13.266499
9.165152
2.645751
9.000000
13.674794
11.357817
10.535654
15.231546
13.964240
14.560220
7.937254
11.532562
12.000000
15.968719
9.899495
6.855655
13.304134
10.000000
3.605551
6.855655
14.560220
14.142136
12.041595
14.177446
4.123106
6.324555
9.695360
8.717798
15.937378
12.727922
10.816654
13.190907
15.716234
11.180340
15.968719
13.341663
15.937378
10.535654
12.449900
13.892445
8.185352
14.764823
8.366600
14.560220
14.730920
12.961481
1.732051
11.747340
3.605551
4.000000
13.601471
15.000000
14.730920
8.602325
13.038404
15.297058
10.677078
2.828427
7.348469
10.583006
13.038404
13.114878
5.477225
12.688578
6.403124
5.477225
9.165152
6.244998
11.874342
15.459625
15.264338
14.422205
14.177446
6.855655
12.806249
12.727922
14.696939
12.961481
6.633249
15.132746
13.564660
15.132746
14.071247
12.041595
6.855655
10.583006
11.090536
12.688578
10.954451
13.341663
4.123106
5.830952
9.695360
6.855655
14.000000
11.618950
8.774964
4.898979
13.190907
14.764823
2.645751
12.288206
13.076696
14.422205
14.106736
8.888195
10.677078
12.609520
15.716234
12.569805
11.489125
13.266499
11.445523
8.602325
8.062258
13.341663
13.638182
13.747726
9.110434
7.071068
10.535654
10.000000
9.165152
14.317822
12.124355
4.898979
9.165152
15.000000
6.928204
1.414214
13.674794
7.416199
12.409674
10.099504
2.645751
9.848858
13.490738
11.000000
-nan
13.152946
4.795832
11.489125
9.643650
12.409674
14.352700
12.609520
8.717798
11.661903
9.591663
12.609520
13.638182
14.247807
1.732051
3.741657
12.328828
12.288206
6.244998
15.362291
10.954451
9.327379
15.427248
7.141428
11.958261
11.661903
12.409674
12.247449
15.264338
8.944272
4.000000
15.264338
15.905973
6.244998
10.440307
9.539392
13.928389
7.681146
15.811388
3.741657
13.964240
9.273619
13.190907
11.180340
5.744563
13.304134
11.832159
13.601471
8.485281
13.379087
12.845232
13.856407
3.162278
12.124355
15.620499
12.369317
5.291503
11.916375
6.928204
2.236068
14.899664
8.000000
15.459625
14.798649
10.148891
9.591663
7.348469
6.403124
12.328828
6.928204
7.483315
9.539392
11.575837
15.165751
14.730920
12.922848
12.288206
10.049875
9.797958
14.966629
4.898979
2.236068
12.649111
5.830952
12.369317
12.165525
13.711309
13.453625
5.830952
15.362291
13.638182
-nan
6.633249
13.000000
14.832397
12.124355
2.449490
4.242640
13.747726
12.569805
8.185352
15.652475
15.779734
14.177446
14.798649
14.491377
10.630146
10.677078
7.416199
14.456833
9.055386
8.888195
14.662878
15.588457
10.677078
10.583006
11.618950
6.782330
6.082763
13.038404
5.099020
14.933185
13.038404
8.366600
11.704700
11.575837
14.730920
11.958261
12.369317
12.247449
6.708204
14.832397
11.789825
6.164414
12.845232
10.099504
15.779734
4.690416
14.730920
6.928204
15.231546
6.557439
11.313708
13.820274
5.477225
15.556349
6.855655
12.884098
5.656854
9.165152
8.944272
7.615773
7.141428
15.811388
11.313708
13.711309
11.357817
9.433981
8.660254
5.099020
15.491934
10.954451
15.684387
11.090536
12.609520
12.449900
15.033297
12.328828
13.341663
13.674794
14.142136
12.409674
15.165751
8.485281
9.433981
2.236068
7.615773
11.661903
13.076696
9.486834
14.832397
15.842979
12.165525
3.872983
15.652475
4.472136
14.282857
10.862781
10.488089
4.795832
12.000000
9.695360
12.000000
11.575837
14.730920
6.855655
5.830952
13.674794
14.106736
14.560220
10.862781
11.958261
10.488089
9.643650
14.696939
14.106736
9.899495
4.242640
8.888195
3.605551
10.440307
6.557439
2.828427
inf
7.615773
15.905973
4.690416
2.449490
10.770329
11.489125
5.477225
2.000000
15.033297
13.190907
11.789825
13.674794
14.866069
13.152946
10.908712
12.806249
11.357817
15.394804
7.141428
15.459625
8.602325
3.316625
13.490738
13.114878
5.477225
2.236068
13.601471
11.789825
6.928204
13.892445
11.832159
10.295630
13.820274
12.727922
10.630146
7.141428
6.164414
11.958261
7.416199
2.828427
7.810249
13.928389
14.000000
5.099020
10.535654
7.681146
13.784048
15.491934
6.324555
15.524175
14.933185
10.723805
15.905973
12.206556
5.567764
5.196153
12.409674
14.730920
12.884098
14.212670
12.409674
7.071068
7.280110
9.433981
14.594520
12.884098
11.832159
15.842979
7.280110
14.000000
2.000000
10.677078
11.575837
14.142136
11.832159
15.684387
1.732051
8.602325
15.165751
6.557439
7.681146
14.071247
12.569805
7.483315
9.539392
13.784048
9.110434
15.684387
12.288206
15.779734
13.856407
7.000000
6.633249
15.652475
11.789825
inf
12.449900
4.795832
15.874508
14.422205
14.798649
-nan
8.124039
9.899495
14.142136
14.352700
9.380832
14.247807
4.898979
7.874008
15.716234
9.165152
2.000000
12.206556
11.832159
9.797958
9.110434
14.966629
9.273619
15.297058
14.730920
4.690416
5.291503
2.236068
3.464102
12.922848
2.449490
12.922848
13.784048
1.732051
10.954451
12.409674
1.732051
13.638182
15.874508
14.282857
11.704700
9.165152
12.288206
12.688578
12.083046
11.916375
15.652475
12.288206
6.000000
11.401754
15.716234
10.908712
9.899495
8.774964
9.899495
7.681146
9.949875
11.224972
8.062258
10.535654
6.082763
8.426149
4.795832
15.066519
8.602325
11.958261
11.180340
8.831760
8.544004
11.000000
5.099020
14.491377
14.317822
13.304134
10.770329
9.797958
8.000000
10.246950
15.716234
10.000000
15.329710
15.427248
14.798649
8.774964
7.681146
7.810249
11.704700
12.569805
13.674794
14.212670
3.741657
14.966629
4.123106
6.082763
14.000000
9.591663
13.416409
8.062258
13.038404
15.905973
13.674794
14.000000
14.422205
11.661903
10.816654
8.246211
15.231546
13.453625
13.152946
14.933185
5.000000
12.369317
14.317822
15.652475
15.165751
2.828427
7.071068
10.535654
12.922848
15.427248
7.549834
13.453625
14.352700
8.660254
14.764823
12.083046
12.922848
11.916375
14.560220
9.000000
11.789825
11.958261
4.582576
9.539392
4.795832
11.747340
12.609520
-nan
8.000000
8.774964
14.933185
9.433981
15.165751
13.152946
8.831760
14.282857
13.453625
11.357817
7.745967
9.591663
10.535654
10.816654
4.123106
7.810249
13.856407
15.329710
14.422205
10.148891
11.000000
12.806249
13.564660
2.236068
7.141428
14.317822
9.797958
8.602325
9.380832
-nan
8.602325
12.328828
8.774964
6.480741
15.524175
7.141428
14.662878
8.000000
15.968719
11.832159
13.892445
7.681146
15.264338
6.928204
13.304134
15.811388
10.440307
10.630146
15.165751
7.810249
14.730920
9.746794
15.000000
12.041595
10.000000
4.472136
9.746794
14.035669
9.746794
13.527749
14.035669
13.000000
8.888195
4.242640
14.525839
8.000000
8.306623
13.038404
11.313708
8.246211
7.416199
8.062258
11.313708
5.656854
10.630146
7.000000
5.099020
14.933185
12.727922
-nan
5.291503
11.090536
9.797958
15.937378
3.605551
14.000000
4.242640
10.392305
11.704700
10.630146
5.916080
8.831760
5.196153
10.677078
9.797958
15.427248
13.341663
12.845232
12.369317
7.141428
15.297058
14.422205
10.770329
10.295630
15.491934
15.165751
12.449900
3.162278
14.035669
7.810249
3.316625
15.000000
13.601471
10.344080
14.933185
14.071247
6.855655
15.556349
7.071068
13.601471
9.949875
9.219544
2.645751
11.224972
14.106736
10.198039
10.440307
11.000000
3.605551
2.449490
13.114878
15.716234
14.628738
5.744563
9.848858
14.071247
2.645751
15.874508
14.422205
14.282857
7.615773
14.798649
13.152946
15.588457
8.366600
11.874342
13.601471
10.862781
11.269428
15.329710
6.855655
15.033297
8.000000
7.348469
9.848858
2.645751
12.569805
14.352700
11.313708
13.114878
14.560220
6.708204
12.767145
13.038404
8.831760
2.236068
10.583006
9.219544
inf
8.000000
5.744563
7.681146
5.291503
14.352700
6.782330
9.899495
9.539392
15.198685
14.696939
14.764823
14.491377
2.645751
13.747726
4.242640
7.874008
5.477225
5.000000
14.832397
15.362291
12.409674
11.661903
13.856407
14.106736
6.633249
10.295630
4.582576
7.000000
14.764823
10.295630
7.071068
5.099020
11.789825
10.488089
7.348469
9.433981
12.489996
12.369317
13.453625
11.489125
10.630146
11.958261
9.273619
11.000000
8.717798
10.246950
13.527749
10.295630
11.401754
12.124355
9.273619
5.291503
5.291503
4.690416
15.066519
8.485281
11.313708
15.748016
11.000000
9.486834
9.899495
13.076696
10.816654
15.394804
5.000000
13.076696
8.426149
13.490738
8.246211
15.874508
7.615773
13.490738
11.789825
12.000000
6.855655
14.696939
15.779734
15.165751
8.124039
11.135529
11.000000
12.369317
12.328828
12.206556
13.228756
11.135529
14.866069
6.928204
10.770329
9.273619
11.747340
14.662878
1.414214
15.968719
14.000000
5.196153
13.076696
3.316625
14.456833
15.459625
2.645751
3.316625
12.845232
12.124355
12.489996
14.560220
10.344080
12.206556
13.638182
13.152946
4.123106
7.211102
8.366600
13.038404
14.177446
15.684387
6.164414
12.922848
6.164414
12.409674
15.905973
13.266499
10.630146
15.968719
13.266499
7.348469
5.196153
9.539392
8.062258
15.362291
8.602325
8.544004
15.748016
15.491934
14.832397
12.165525
14.000000
8.426149
6.403124
11.269428
15.620499
7.681146
13.379087
7.681146
15.132746
11.135529
7.000000
3.316625
5.916080
9.327379
12.845232
5.744563
2.645751
4.795832
5.656854
13.527749
8.774964
7.681146
4.242640
11.916375
6.324555
9.643650
14.662878
5.656854
8.774964
13.379087
13.416409
4.123106
15.811388
14.866069
12.000000
15.459625
4.898979
8.185352
6.480741
15.905973
13.856407
9.539392
2.828427
15.066519
13.341663
13.190907
2.000000
13.601471
14.035669
6.082763
10.630146
4.242640
9.797958
11.445523
12.649111
11.661903
14.966629
10.954451
12.961481
6.708204
6.557439
9.591663
7.937254
6.164414
7.615773
14.387495
4.582576
9.055386
4.358899
7.937254
8.944272
14.525839
12.409674
9.380832
13.490738
8.717798
2.449490
13.674794
2.236068
14.247807
14.966629
10.862781
14.866069
8.000000
15.811388
11.224972
14.177446
14.764823
15.684387
10.630146
2.828427
5.744563
14.352700
8.426149
8.426149
2.828427
4.690416
9.591663
9.486834
6.403124
12.449900
13.038404
15.874508
7.280110
1.732051
13.379087
11.357817
3.000000
10.488089
11.618950
14.594520
8.831760
15.905973
13.341663
11.916375
15.716234
6.928204
9.327379
14.491377
6.164414
14.177446
14.764823
8.485281
12.288206
5.744563
11.958261
12.609520
7.416199
15.362291
15.779734
9.848858
11.618950
12.806249
9.643650
13.747726
12.922848
4.000000
7.874008
13.266499
11.224972
14.035669
11.532562
14.282857
13.964240
7.483315
9.539392
13.638182
10.198039
13.341663
11.832159
11.958261
11.090536
10.099504
14.662878
4.242640
11.618950
10.099504
13.304134
13.820274
9.055386
13.076696
5.656854
14.764823
8.888195
11.180340
12.288206
15.684387
11.916375
14.594520
12.884098
3.464102
12.449900
6.633249
14.730920
9.695360
10.000000
7.211102
4.898979
14.282857
15.165751
12.845232
9.539392
9.899495
3.316625
7.071068
10.770329
12.124355
12.369317
6.164414
9.055386
15.329710
14.456833
10.677078
14.035669
5.656854
15.459625
9.591663
4.690416
11.180340
7.071068
13.711309
11.747340
14.317822
15.231546
9.949875
6.557439
8.717798
12.288206
8.185352
5.000000
11.180340
15.231546
10.770329
14.933185
15.620499
12.922848
9.165152
11.618950
8.000000
11.045361
14.730920
6.557439
8.660254
8.660254
15.524175
10.344080
7.615773
8.774964
11.357817
13.564660
11.269428
7.810249
8.124039
8.717798
6.164414
12.845232
10.908712
10.677078
7.745967
13.674794
11.789825
13.601471
12.767145
-nan
12.369317
12.288206
12.922848
15.394804
5.477225
15.198685
10.148891
15.716234
4.242640
13.341663
8.124039
1.732051
5.385165
11.180340
9.000000
12.569805
7.280110
14.422205
14.798649
10.908712
5.385165
inf
5.291503
12.165525
10.770329
9.380832
8.888195
15.968719
4.123106
15.588457
15.968719
13.038404
11.747340
12.884098
12.288206
13.000000
11.874342
15.937378
12.649111
12.649111
13.266499
15.066519
12.767145
14.317822
9.797958
15.620499
10.344080
12.206556
14.035669
8.426149
3.464102
15.033297
8.485281
6.324555
10.862781
13.711309
11.313708
14.071247
13.711309
12.041595
13.601471
13.674794
7.745967
8.185352
9.899495
14.525839
15.362291
15.459625
14.491377
11.874342
11.958261
11.401754
10.583006
7.141428
8.944272
14.422205
6.244998
13.674794
10.049875
15.362291
1.414214
10.630146
14.352700
8.660254
12.369317
8.306623
2.645751
5.000000
3.316625
13.964240
13.038404
14.000000
11.269428
15.165751
2.645751
15.000000
13.638182
15.620499
14.422205
11.832159
11.357817
9.797958
3.741657
15.524175
12.124355
9.695360
13.892445
13.638182
5.099020
6.164414
12.922848
5.291503
12.288206
10.816654
10.148891
6.928204
13.638182
10.535654
8.544004
14.035669
7.071068
15.588457
11.704700
13.304134
14.764823
12.041595
12.083046
12.165525
11.532562
9.949875
5.656854
2.449490
13.964240
6.782330
15.716234
9.273619
11.874342
13.564660
4.000000
12.922848
14.899664
13.527749
13.964240
10.816654
6.708204
6.557439
12.845232
15.198685
12.409674
15.427248
13.152946
14.282857
15.000000
7.348469
11.224972
13.674794
14.106736
4.000000
8.888195
8.717798
10.723805
10.535654
9.055386
7.348469
12.569805
8.544004
11.832159
6.557439
inf
12.529964
14.491377
14.933185
9.165152
12.206556
9.165152
11.357817
13.856407
15.779734
10.246950
9.486834
15.198685
4.690416
6.244998
14.177446
8.717798
12.845232
11.489125
4.472136
13.453625
14.560220
9.797958
6.403124
8.185352
13.379087
9.746794
15.000000
15.874508
15.362291
3.464102
15.937378
11.704700
14.899664
14.866069
14.866069
10.770329
7.071068
9.746794
7.211102
6.557439
14.142136
11.958261
4.358899
14.899664
13.490738
14.832397
6.480741
9.539392
9.797958
7.874008
4.000000
7.211102
12.609520
7.549834
10.954451
9.055386
12.369317
9.433981
8.831760
11.532562
10.099504
8.717798
3.741657
8.246211
6.480741
15.329710
13.564660
9.591663
8.602325
15.394804
11.618950
4.242640
11.135529
12.409674
15.491934
7.071068
10.862781
5.196153
11.874342
14.662878
9.433981
12.529964
3.316625
15.748016
14.662878
11.445523
8.602325
10.583006
14.866069
12.369317
15.652475
8.185352
15.132746
1.732051
11.618950
3.872983
15.427248
8.000000
10.344080
7.549834
6.708204
15.588457
8.660254
13.000000
11.874342
7.745967
14.798649
2.000000
9.327379
10.198039
14.798649
13.266499
2.236068
15.165751
13.000000
14.832397
10.295630
15.588457
8.717798
8.426149
11.832159
8.062258
11.747340
10.677078
8.246211
4.123106
11.357817
7.141428
9.000000
15.394804
10.392305
11.224972
14.966629
13.527749
6.244998
10.440307
15.588457
1.414214
10.630146
8.602325
10.295630
8.717798
15.842979
10.583006
7.141428
12.806249
8.717798
12.529964
12.288206
12.369317
15.099669
6.000000
14.764823
10.488089
12.247449
5.567764
11.269428
4.795832
9.055386
14.456833
2.000000
13.784048
8.888195
15.099669
10.816654
10.908712
9.055386
10.246950
11.000000
13.964240
13.379087
15.099669
4.000000
13.190907
9.165152
8.185352
9.055386
12.649111
14.966629
15.297058
7.549834
14.000000
3.741657
4.472136
7.071068
12.806249
7.141428
13.304134
13.674794
11.532562
11.401754
13.856407
8.185352
14.491377
12.806249
13.564660
8.544004
15.684387
5.744563
13.928389
13.638182
14.594520
12.884098
14.212670
11.445523
15.811388
3.605551
14.628738
12.449900
15.394804
13.856407
14.560220
13.304134
14.352700
15.231546
15.066519
10.677078
5.196153
12.165525
6.708204
12.649111
4.795832
15.394804
15.066519
15.264338
12.083046
12.489996
7.071068
11.661903
13.747726
15.620499
8.124039
12.083046
12.449900
3.464102
4.690416
12.206556
5.000000
15.362291
6.928204
2.449490
13.114878
2.236068
13.527749
11.045361
15.394804
12.409674
15.362291
3.000000
6.855655
5.000000
13.000000
8.366600
2.645751
11.874342
6.855655
12.369317
6.403124
9.848858
5.744563
15.165751
9.219544
10.000000
11.000000
15.491934
10.583006
11.958261
11.575837
11.747340
11.090536
13.490738
12.000000
6.244998
13.674794
8.485281
12.688578
13.000000
15.033297
11.874342
13.341663
4.123106
12.884098
9.539392
9.327379
13.152946
15.231546
11.575837
8.366600
4.123106
15.198685
10.198039
15.748016
7.810249
14.282857
10.630146
6.708204
7.745967
-nan
13.379087
14.071247
11.090536
10.295630
9.327379
12.727922
6.082763
12.609520
8.185352
14.352700
11.357817
14.422205
11.313708
12.124355
10.862781
14.832397
15.297058
6.000000
14.000000
10.630146
10.295630
14.628738
9.380832
14.491377
14.352700
12.206556
12.569805
7.937254
13.964240
14.798649
7.937254
10.862781
12.688578
13.638182
14.966629
15.748016
9.591663
2.449490
12.288206
12.609520
14.560220
5.000000
10.535654
9.219544
13.114878
15.132746
7.000000
12.247449
3.000000
15.652475
2.645751
10.770329
14.247807
9.797958
8.366600
12.369317
15.652475
15.132746
14.696939
13.564660
13.856407
4.795832
6.855655
9.848858
14.456833
3.872983
9.486834
6.708204
4.582576
15.524175
14.282857
15.297058
3.162278
7.681146
7.937254
13.490738
5.744563
10.583006
8.774964
6.480741
10.049875
9.165152
12.569805
7.000000
13.416409
15.132746
14.212670
13.038404
14.212670
12.767145
9.899495
11.747340
13.638182
12.041595
15.329710
11.832159
12.688578
8.306623
13.601471
13.490738
7.416199
11.575837
12.649111
8.062258
13.892445
14.933185
15.748016
15.033297
8.888195
8.306623
3.605551
13.453625
12.369317
13.076696
15.165751
8.831760
12.000000
13.266499
15.748016
9.486834
9.110434
9.486834
15.099669
3.741657
15.362291
14.422205
12.409674
11.874342
4.582576
9.110434
8.185352
8.717798
14.730920
15.099669
11.916375
12.449900
13.964240
11.575837
11.180340
4.358899
14.247807
11.747340
14.142136
10.000000
7.348469
13.190907
13.341663
14.071247
9.695360
13.038404
5.744563
13.341663
2.236068
2.236068
13.856407
15.524175
14.594520
9.486834
11.224972
15.329710
13.152946
13.892445
7.416199
11.618950
12.845232
14.035669
5.830952
10.246950
8.660254
12.609520
11.135529
4.690416
6.480741
8.246211
11.090536
9.797958
15.556349
6.708204
6.164414
8.944272
14.696939
8.426149
1.414214
14.866069
8.774964
13.928389
14.352700
5.830952
5.291503
8.717798
3.605551
14.212670
3.605551
8.306623
9.000000
13.379087
3.162278
10.723805
5.291503
9.273619
4.242640
12.328828
10.392305
7.745967
14.832397
15.198685
12.489996
14.352700
4.582576
13.964240
5.477225
15.394804
3.162278
5.744563
14.212670
9.327379
15.066519
12.328828
11.045361
-nan
15.099669
11.618950
14.212670
15.524175
14.282857
5.196153
12.806249
14.662878
11.916375
13.856407
6.708204
12.649111
9.380832
12.369317
14.866069
7.211102
11.357817
11.000000
1.414214
12.247449
7.745967
5.744563
11.445523
8.426149
8.124039
8.774964
12.569805
6.082763
15.132746
4.898979
6.082763
14.177446
12.649111
15.459625
13.638182
10.392305
3.162278
9.746794
8.185352
12.328828
5.567764
10.583006
7.549834
10.954451
3.162278
4.690416
13.114878
11.789825
11.958261
13.228756
5.744563
14.282857
14.422205
12.806249
4.358899
4.242640
15.524175
13.304134
7.416199
14.628738
14.212670
9.643650
12.609520
10.295630
8.717798
9.433981
14.628738
9.327379
13.564660
5.099020
15.459625
14.696939
11.747340
6.324555
8.944272
12.165525
7.874008
15.874508
5.567764
14.352700
13.076696
8.000000
12.409674
11.090536
15.099669
13.152946
11.874342
14.594520
9.695360
14.035669
13.076696
6.324555
5.830952
8.602325
12.083046
10.488089
12.806249
10.246950
14.035669
9.591663
11.445523
13.453625
7.211102
3.605551
14.866069
11.489125
12.727922
5.291503
11.357817
13.892445
15.297058
6.633249
1.414214
11.489125
12.961481
15.165751
7.000000
7.280110
13.711309
11.958261
15.811388
10.148891
13.564660
5.291503
13.341663
8.602325
11.789825
9.273619
13.379087
8.944272
13.341663
7.348469
2.236068
15.198685
8.246211
15.066519
10.344080
15.165751
15.968719
15.362291
12.922848
15.264338
5.000000
13.000000
10.440307
13.892445
12.000000
12.569805
15.684387
8.717798
6.708204
15.524175
13.379087
15.132746
3.605551
10.049875
6.928204
12.328828
13.674794
15.066519
15.264338
10.488089
5.099020
15.427248
9.219544
9.695360
14.456833
13.856407
8.246211
14.422205
13.152946
15.329710
13.601471
14.071247
12.206556
6.164414
11.618950
6.082763
14.000000
11.180340
10.630146
15.556349
10.488089
6.000000
14.662878
11.135529
11.747340
2.645751
4.472136
8.306623
15.329710
15.905973
13.379087
2.236068
15.362291
2.828427
9.949875
13.747726
14.177446
12.922848
11.916375
10.862781
12.083046
8.426149
7.745967
6.244998
10.488089
13.964240
8.717798
7.071068
8.000000
13.747726
6.000000
13.228756
15.033297
15.874508
6.557439
10.392305
1.732051
7.937254
13.304134
15.427248
7.810249
10.049875
15.588457
6.403124
10.440307
9.273619
15.165751
7.348469
15.905973
10.770329
13.114878
12.000000
13.711309
15.231546
13.527749
6.480741
13.076696
2.000000
9.591663
15.362291
13.892445
11.357817
12.449900
12.767145
11.180340
14.071247
3.872983
11.313708
2.236068
13.892445
10.535654
8.124039
6.164414
9.899495
10.344080
12.124355
13.601471
9.055386
14.212670
13.490738
14.071247
10.862781
8.366600
11.401754
9.746794
15.937378
13.114878
3.162278
1.414214
3.000000
15.684387
13.964240
11.747340
12.041595
10.148891
2.645751
9.327379
10.862781
11.618950
9.643650
7.416199
15.684387
12.609520
9.643650
9.433981
3.316625
15.524175
4.242640
9.643650
13.674794
14.142136
5.916080
7.000000
3.872983
12.884098
12.000000
3.605551
9.055386
12.449900
3.872983
9.539392
12.041595
14.491377
15.132746
5.916080
7.549834
15.362291
11.045361
13.266499
10.770329
14.662878
15.198685
10.295630
10.908712
8.306623
13.964240
11.401754
7.348469
14.594520
14.933185
15.524175
12.569805
1.414214
5.830952
13.152946
12.961481
13.379087
13.638182
15.842979
8.831760
14.177446
9.273619
14.933185
12.449900
7.745967
1.414214
14.594520
6.324555
11.180340
11.532562
12.489996
9.165152
10.392305
2.645751
14.247807
13.304134
14.212670
8.774964
15.198685
12.649111
6.633249
14.696939
7.874008
6.855655
15.842979
15.329710
14.662878
13.190907
12.845232
14.491377
15.874508
10.488089
6.403124
14.798649
3.000000
10.049875
14.899664
14.899664
11.874342
9.539392
9.949875
6.480741
13.228756
14.422205
7.000000
11.090536
11.357817
15.842979
14.142136
10.246950
12.449900
15.652475
8.062258
14.730920
6.000000
7.745967
14.000000
15.842979
15.297058
10.246950
14.352700
15.165751
14.662878
15.716234
13.928389
15.000000
9.591663
12.649111
13.820274
15.264338
15.842979
5.916080
4.358899
13.038404
15.588457
8.246211
6.082763
10.770329
8.000000
15.427248
14.866069
14.798649
15.066519
5.567764
13.453625
2.645751
9.539392
11.000000
1.414214
8.366600
15.066519
14.422205
6.633249
13.638182
14.106736
15.427248
12.449900
5.916080
11.916375
9.539392
3.605551
11.704700
11.224972
5.656854
7.211102
10.630146
10.049875
9.433981
15.132746
12.845232
8.426149
13.964240
11.313708
6.480741
15.033297
7.280110
7.000000
7.810249
13.228756
7.211102
11.445523
12.083046
2.000000
13.266499
8.717798
14.282857
12.569805
15.231546
15.459625
6.708204
8.185352
15.874508
13.490738
13.892445
5.385165
15.297058
7.071068
11.401754
8.246211
4.795832
6.244998
11.789825
14.764823
12.922848
13.490738
13.711309
14.866069
15.198685
15.811388
11.832159
5.196153
11.180340
5.477225
5.656854
6.708204
10.295630
15.362291
14.282857
9.055386
14.798649
15.779734
12.206556
14.696939
13.228756
9.273619
15.652475
12.409674
11.661903
10.908712
14.899664
12.649111
12.569805
10.246950
11.045361
8.306623
5.567764
7.416199
5.830952
2.645751
7.000000
13.190907
5.830952
13.190907
14.282857
8.124039
14.832397
7.416199
6.782330
12.961481
11.704700
3.162278
12.688578
5.567764
15.033297
8.944272
10.816654
14.662878
15.297058
15.937378
8.831760
14.142136
12.569805
15.362291
7.071068
4.898979
7.000000
9.000000
8.888195
9.165152
9.380832
11.313708
1.414214
11.090536
6.855655
14.387495
13.747726
3.316625
2.449490
15.362291
13.379087
11.958261
15.684387
9.165152
13.190907
14.696939
12.806249
6.000000
13.228756
11.958261
5.830952
15.905973
9.327379
13.856407
15.264338
11.704700
14.696939
5.099020
14.798649
6.324555
10.488089
7.141428
12.961481
10.630146
13.190907
14.662878
8.000000
10.392305
15.033297
8.366600
9.380832
12.206556
14.594520
8.831760
15.264338
11.489125
6.164414
11.916375
12.961481
14.594520
5.385165
14.212670
14.491377
10.770329
11.747340
13.674794
15.937378
9.899495
14.594520
14.730920
11.747340
8.246211
3.464102
7.141428
13.453625
13.674794
3.162278
15.652475
6.244998
15.394804
7.681146
11.269428
11.401754
4.000000
14.317822
10.392305
12.165525
15.588457
15.811388
7.745967
14.142136
4.795832
2.449490
12.409674
11.789825
12.000000
9.219544
11.704700
15.588457
6.480741
9.899495
11.180340
10.488089
10.535654
13.266499
5.916080
6.480741
13.674794
4.898979
9.000000
12.961481
9.110434
14.422205
6.480741
10.000000
12.529964
12.247449
15.748016
12.000000
12.000000
7.280110
9.380832
12.922848
7.681146
15.556349
7.141428
14.282857
8.426149
13.711309
13.820274
10.630146
5.567764
7.745967
14.966629
11.916375
15.394804
1.732051
13.564660
12.961481
5.291503
3.000000
8.944272
10.535654
14.730920
11.045361
14.525839
10.862781
4.123106
14.282857
2.449490
12.688578
inf
9.695360
8.544004
7.745967
8.944272
11.135529
2.828427
12.288206
7.483315
14.106736
2.828427
9.327379
2.000000
15.231546
15.132746
15.524175
15.362291
12.529964
12.369317
2.828427
12.884098
15.264338
10.908712
11.269428
9.949875
8.660254
15.652475
10.770329
4.795832
15.842979
4.690416
4.898979
9.433981
9.746794
9.165152
13.000000
14.798649
9.643650
8.000000
4.358899
6.000000
8.544004
10.344080
6.324555
7.000000
8.944272
5.000000
5.385165
15.427248
13.341663
6.082763
12.165525
12.449900
12.529964
4.472136
15.968719
15.231546
3.000000
10.723805
15.968719
2.236068
11.704700
4.795832
9.695360
15.231546
10.344080
2.828427
13.964240
14.142136
8.485281
14.662878
15.394804
12.041595
8.124039
4.582576
13.964240
12.083046
6.855655
14.966629
11.313708
15.000000
2.449490
4.582576
11.180340
12.767145
6.403124
11.135529
11.789825
7.071068
15.459625
11.747340
7.416199
11.000000
12.688578
12.247449
9.848858
3.464102
12.569805
6.082763
14.594520
15.165751
15.874508
13.928389
10.954451
7.874008
14.662878
7.681146
14.422205
2.449490
5.196153
9.000000
15.231546
5.744563
10.099504
10.049875
14.000000
11.958261
15.000000
8.888195
13.892445
14.422205
14.730920
15.779734
8.544004
11.045361
11.958261
13.076696
11.618950
6.708204
14.422205
9.591663
4.358899
14.282857
5.477225
11.789825
3.162278
15.652475
14.071247
14.764823
15.874508
15.033297
6.557439
15.099669
1.732051
12.041595
8.544004
14.142136
5.656854
6.480741
4.795832
15.033297
15.811388
15.524175
14.798649
8.246211
10.344080
10.295630
15.459625
15.556349
12.288206
13.820274
8.831760
13.038404
11.789825
10.392305
7.348469
12.206556
9.899495
15.874508
10.535654
9.695360
14.899664
12.449900
8.124039
15.033297
6.633249
11.789825
13.038404
8.774964
13.453625
13.892445
6.855655
13.228756
13.341663
3.162278
15.588457
5.477225
10.770329
15.033297
4.000000
3.316625
12.688578
9.746794
13.453625
6.633249
14.247807
15.329710
13.892445
6.708204
15.231546
7.000000
11.789825
14.071247
14.282857
14.317822
12.961481
15.748016
9.380832
9.055386
8.306623
3.605551
4.472136
10.770329
13.747726
14.071247
11.224972
13.266499
15.099669
15.556349
12.124355
15.652475
15.905973
7.211102
9.165152
13.379087
9.848858
5.567764
12.569805
5.830952
8.774964
11.575837
9.110434
14.696939
8.774964
5.567764
12.884098
15.652475
4.898979
15.937378
8.485281
9.643650
3.464102
9.591663
14.491377
14.177446
5.830952
8.944272
11.000000
2.645751
8.185352
3.464102
15.874508
8.000000
8.062258
8.944272
15.588457
12.727922
10.535654
12.083046
14.000000
13.711309
4.898979
4.898979
12.206556
10.049875
7.416199
7.681146
9.539392
8.888195
7.549834
12.767145
13.152946
8.306623
15.968719
11.269428
3.741657
5.744563
14.387495
11.661903
6.324555
4.242640
12.165525
6.000000
9.110434
14.594520
10.770329
8.366600
10.908712
15.099669
14.696939
7.745967
12.649111
15.524175
9.165152
7.280110
9.273619
11.789825
10.583006
13.304134
14.798649
13.038404
9.165152
11.661903
15.459625
9.110434
2.645751
15.937378
10.816654
14.628738
11.575837
12.529964
15.264338
5.099020
13.928389
7.745967
15.491934
7.348469
11.401754
10.148891
5.099020
9.539392
12.767145
13.674794
8.717798
15.716234
15.491934
12.727922
11.445523
9.848858
9.165152
9.695360
3.316625
12.961481
15.165751
15.811388
15.874508
15.394804
15.748016
10.630146
13.964240
11.224972
3.741657
13.114878
12.369317
14.422205
15.231546
11.704700
2.645751
10.344080
15.491934
5.744563
14.071247
12.165525
14.832397
4.242640
11.789825
14.317822
13.416409
3.741657
6.782330
2.828427
10.392305
7.549834
13.304134
9.055386
7.141428
13.152946
7.937254
6.633249
5.477225
1.732051
13.038404
6.633249
13.228756
8.185352
15.905973
12.328828
14.282857
2.000000
1.732051
13.747726
6.082763
14.177446
9.000000
1.414214
14.798649
14.832397
14.387495
11.958261
15.329710
15.905973
12.328828
9.327379
7.348469
8.544004
13.038404
10.246950
15.684387
15.264338
12.206556
4.472136
15.362291
8.000000
8.000000
12.489996
11.445523
7.810249
7.211102
8.944272
8.062258
7.416199
3.605551
10.148891
-nan
9.695360
10.246950
14.798649
7.615773
7.483315
10.295630
6.082763
7.280110
1.414214
11.180340
10.344080
8.660254
6.244998
14.560220
8.062258
4.000000
10.295630
9.219544
15.905973
13.038404
12.247449
12.369317
6.708204
14.525839
14.317822
11.180340
4.582576
2.000000
11.747340
11.135529
2.000000
15.231546
15.132746
14.933185
5.916080
5.385165
8.544004
8.485281
9.055386
8.717798
14.035669
13.747726
12.288206
15.362291
12.041595
14.730920
15.905973
15.842979
6.782330
15.811388
12.845232
14.000000
12.124355
14.525839
12.328828
9.797958
8.944272
13.152946
10.000000
14.798649
6.403124
10.198039
13.964240
3.741657
8.426149
15.165751
6.557439
12.000000
6.855655
11.180340
14.832397
15.620499
7.615773
10.770329
15.000000
14.247807
8.774964
14.899664
14.106736
11.090536
14.696939
10.392305
8.000000
10.344080
7.937254
14.696939
14.247807
12.000000
11.532562
6.855655
10.344080
13.190907
12.288206
6.782330
13.711309
14.899664
4.582576
15.198685
10.488089
8.246211
10.000000
8.660254
7.483315
12.569805
13.820274
5.000000
10.246950
3.464102
15.716234
6.928204
11.618950
14.387495
12.529964
14.106736
7.615773
14.832397
12.609520
2.236068
10.392305
6.000000
7.211102
14.662878
14.491377
14.247807
2.449490
11.916375
13.000000
5.196153
10.816654
4.898979
9.746794
14.730920
9.949875
12.288206
10.908712
5.830952
13.304134
15.000000
6.782330
12.961481
4.123106
13.453625
10.954451
13.190907
11.180340
13.341663
11.789825
5.291503
13.564660
15.716234
8.062258
15.362291
14.387495
4.358899
13.564660
14.594520
12.727922
9.848858
15.491934
4.795832
11.000000
8.888195
15.524175
14.832397
15.165751
10.198039
15.937378
12.288206
8.544004
6.633249
8.000000
9.539392
15.033297
13.564660
3.000000
9.746794
10.295630
12.165525
11.090536
5.830952
11.832159
13.711309
3.872983
9.539392
14.422205
14.106736
6.928204
10.677078
6.324555
5.656854
11.704700
12.727922
10.535654
11.045361
11.224972
9.219544
15.066519
11.180340
15.394804
6.633249
13.000000
6.708204
11.618950
11.789825
15.132746
12.041595
15.297058
8.888195
6.082763
10.099504
10.677078
13.304134
5.830952
11.357817
3.464102
15.556349
8.485281
7.745967
10.000000
10.583006
9.591663
15.427248
4.242640
14.247807
10.198039
12.041595
5.744563
8.660254
3.741657
3.741657
10.954451
13.527749
7.681146
15.968719
8.185352
5.656854
12.000000
6.708204
10.535654
13.490738
12.124355
15.000000
10.148891
13.490738
9.899495
10.770329
12.961481
13.038404
13.266499
3.605551
5.196153
3.605551
15.842979
6.708204
14.696939
9.949875
13.784048
15.779734
13.228756
14.282857
2.645751
6.244998
11.489125
8.124039
6.164414
14.106736
9.899495
13.527749
15.620499
14.491377
10.440307
11.661903
13.379087
14.560220
7.874008
4.690416
8.485281
15.165751
13.856407
15.779734
15.588457
14.798649
2.449490
15.427248
3.000000
14.899664
9.055386
14.106736
14.696939
inf
12.165525
14.933185
6.324555
4.898979
5.830952
8.831760
14.933185
11.489125
2.236068
14.525839
9.273619
10.677078
9.539392
3.162278
8.426149
12.369317
5.656854
11.958261
11.313708
14.966629
11.661903
10.723805
13.711309
11.916375
9.899495
14.035669
10.440307
13.416409
11.832159
8.306623
13.453625
5.656854
6.000000
14.866069
7.483315
8.366600
6.557439
4.795832
14.247807
7.000000
15.329710
5.744563
12.767145
8.366600
6.557439
15.297058
14.966629
8.660254
11.045361
9.797958
6.633249
1.414214
14.525839
15.231546
12.041595
7.280110
13.152946
15.937378
15.264338
7.549834
8.185352
12.569805
9.486834
10.148891
11.090536
12.083046
13.190907
12.922848
13.038404
11.000000
14.696939
12.206556
12.409674
11.090536
14.798649
14.071247
10.099504
13.674794
4.123106
14.966629
5.196153
7.810249
15.033297
15.459625
6.082763
10.723805
6.000000
14.491377
10.630146
3.741657
3.464102
13.416409
13.114878
10.099504
5.291503
6.324555
15.748016
14.212670
14.387495
12.727922
8.185352
12.922848
7.416199
14.866069
5.830952
4.358899
12.767145
11.661903
14.352700
13.453625
10.198039
15.297058
15.556349
8.660254
14.730920
4.898979
13.784048
15.905973
15.297058
6.928204
3.316625
15.684387
15.099669
13.564660
9.591663
-nan
14.966629
9.219544
14.212670
13.228756
15.716234
3.605551
9.273619
6.855655
15.329710
10.954451
8.124039
11.916375
inf
4.000000
8.185352
10.246950
15.811388
7.348469
13.416409
14.525839
8.831760
10.723805
14.456833
7.483315
12.767145
14.832397
6.855655
11.618950
12.165525
11.789825
11.661903
10.770329
14.966629
9.055386
5.916080
14.696939
9.797958
11.000000
2.645751
8.660254
15.556349
8.544004
14.730920
15.588457
9.433981
5.385165
9.591663
9.165152
9.110434
4.123106
6.244998
12.688578
11.489125
15.748016
14.730920
6.244998
14.594520
2.828427
13.190907
10.246950
12.165525
7.348469
14.899664
10.770329
11.704700
inf
8.717798
15.264338
11.090536
9.110434
7.211102
10.440307
12.489996
3.605551
9.797958
15.684387
6.480741
13.711309
8.602325
11.180340
14.317822
10.630146
5.477225
9.000000
10.295630
15.748016
10.954451
7.937254
-nan
6.244998
12.961481
12.165525
9.643650
11.575837
3.000000
15.165751
11.661903
9.219544
14.387495
1.732051
13.000000
1.732051
10.583006
8.306623
4.123106
14.422205
7.681146
7.681146
11.832159
11.532562
13.601471
9.486834
15.716234
14.662878
13.076696
9.848858
14.387495
6.000000
12.649111
14.422205
8.660254
8.485281
10.000000
12.961481
14.387495
10.440307
11.958261
9.327379
13.964240
9.695360
9.486834
10.392305
9.899495
14.212670
13.304134
10.723805
12.409674
15.394804
13.190907
6.164414
10.677078
10.148891
11.313708
10.246950
7.937254
6.633249
14.212670
3.741657
8.944272
10.295630
14.899664
12.449900
13.379087
8.185352
8.185352
11.401754
13.266499
14.491377
14.730920
10.723805
7.000000
7.141428
14.933185
12.124355
15.905973
12.041595
2.449490
12.288206
11.224972
13.416409
13.747726
15.491934
5.291503
7.874008
9.486834
9.539392
10.295630
6.000000
10.246950
13.638182
11.958261
8.485281
9.219544
8.124039
11.789825
12.328828
14.000000
7.681146
10.344080
12.529964
13.228756
12.489996
14.422205
11.916375
6.855655
14.317822
5.567764
7.280110
10.000000
12.529964
15.264338
5.744563
11.916375
2.236068
9.746794
15.231546
9.797958
14.177446
3.464102
14.212670
11.445523
12.449900
4.242640
14.696939
14.866069
12.529964
10.630146
12.688578
14.696939
14.832397
7.874008
11.618950
10.954451
3.741657
4.690416
12.922848
14.798649
7.280110
14.832397
7.937254
14.525839
14.035669
9.848858
9.848858
14.247807
13.856407
8.544004
6.557439
11.747340
9.219544
15.652475
3.605551
15.524175
2.645751
15.165751
14.352700
12.806249
9.327379
10.583006
11.180340
7.141428
13.190907
2.000000
13.076696
13.747726
5.099020
9.055386
12.328828
8.944272
6.782330
14.696939
5.916080
15.588457
7.549834
11.489125
13.784048
15.779734
14.317822
15.297058
11.445523
5.830952
14.933185
12.041595
4.358899
15.198685
10.908712
15.033297
11.789825
14.352700
9.055386
2.828427
inf
-nan
3.605551
13.114878
13.747726
6.244998
15.937378
9.273619
10.908712
6.633249
6.782330
12.409674
5.567764
10.148891
5.477225
14.899664
9.797958
15.329710
14.142136
15.099669
3.741657
12.922848
10.816654
5.744563
11.916375
15.362291
1.732051
5.099020
13.638182
9.219544
5.830952
13.674794
9.273619
6.855655
10.148891
4.358899
9.327379
10.049875
10.246950
14.352700
12.041595
12.288206
10.246950
13.266499
15.937378
11.618950
11.916375
9.746794
10.723805
9.273619
8.185352
11.357817
15.937378
13.564660
12.727922
11.832159
12.806249
12.884098
12.884098
9.695360
15.842979
14.177446
5.000000
9.000000
15.748016
11.313708
10.049875
8.888195
15.132746
14.352700
5.477225
10.862781
10.099504
11.618950
6.164414
10.000000
3.741657
13.453625
13.964240
11.357817
3.316625
2.449490
1.414214
3.000000
13.784048
12.845232
12.247449
9.899495
8.660254
7.745967
13.856407
8.366600
2.236068
14.730920
12.328828
15.937378
9.433981
15.905973
8.774964
7.874008
14.247807
10.344080
13.416409
7.000000
15.556349
14.798649
12.247449
inf
12.000000
9.433981
11.401754
12.449900
9.797958
11.532562
12.845232
5.477225
6.480741
7.681146
11.357817
10.816654
10.908712
8.062258
13.674794
11.180340
5.196153
9.110434
11.090536
10.770329
8.944272
14.142136
13.379087
5.291503
7.211102
10.148891
8.774964
6.164414
8.124039
15.066519
6.244998
14.491377
7.810249
13.038404
10.488089
12.529964
6.855655
4.358899
13.674794
9.433981
8.831760
7.745967
14.352700
14.035669
11.224972
11.704700
8.124039
12.369317
14.866069
13.747726
3.605551
6.708204
11.575837
13.856407
8.544004
13.638182
6.324555
12.288206
14.966629
10.295630
11.045361
2.828427
7.810249
13.527749
13.341663
13.076696
9.165152
15.000000
13.784048
4.000000
7.615773
3.464102
8.717798
2.828427
14.456833
14.212670
12.041595
4.472136
9.949875
10.488089
14.456833
10.630146
12.489996
9.327379
7.000000
15.132746
4.123106
9.433981
11.135529
15.556349
14.000000
15.716234
15.811388
inf
13.190907
13.114878
13.114878
1.732051
11.874342
10.295630
4.358899
14.106736
10.862781
9.746794
14.387495
8.426149
6.480741
9.797958
9.539392
11.874342
14.387495
6.708204
15.937378
10.344080
11.489125
6.928204
8.944272
12.247449
11.704700
14.317822
11.661903
8.774964
14.000000
11.401754
8.831760
10.677078
6.782330
15.811388
10.816654
13.674794
10.000000
11.661903
11.401754
14.764823
15.231546
9.000000
5.830952
4.242640
13.304134
11.180340
12.609520
11.313708
13.038404
12.569805
15.329710
6.855655
14.352700
7.745967
14.035669
9.327379
3.000000
8.774964
12.845232
14.317822
14.387495
15.588457
7.937254
15.905973
15.427248
13.453625
13.564660
9.055386
7.810249
7.615773
6.708204
6.082763
11.789825
8.888195
7.416199
7.745967
14.282857
14.662878
13.747726
10.908712
10.816654
12.961481
12.884098
8.185352
15.099669
10.344080
12.409674
15.394804
13.564660
7.937254
13.638182
11.618950
7.141428
15.811388
11.489125
5.744563
13.228756
7.745967
10.723805
15.362291
10.862781
12.649111
4.242640
inf
15.459625
8.544004
7.810249
13.711309
5.656854
15.811388
7.141428
12.206556
12.767145
14.730920
14.696939
11.618950
8.246211
10.723805
10.816654
15.874508
13.341663
6.855655
11.445523
15.132746
6.403124
2.645751
2.449490
14.696939
8.185352
11.045361
14.035669
13.601471
5.099020
14.662878
13.638182
3.162278
5.656854
15.716234
14.071247
8.062258
15.556349
15.779734
14.628738
12.206556
14.491377
13.228756
5.291503
4.690416
5.830952
12.041595
4.242640
14.560220
13.892445
12.206556
13.638182
15.297058
12.489996
13.856407
13.964240
14.933185
7.615773
11.661903
12.328828
9.219544
9.746794
9.055386
9.746794
11.269428
8.544004
6.082763
13.856407
7.681146
5.477225
12.288206
14.422205
15.491934
8.366600
15.394804
2.449490
10.198039
11.224972
4.898979
7.745967
7.937254
13.152946
15.684387
6.480741
8.544004
13.527749
15.394804
6.324555
15.524175
10.816654
13.856407
8.366600
14.560220
4.242640
12.845232
9.110434
9.539392
14.212670
4.472136
12.288206
15.231546
13.076696
10.148891
14.696939
15.524175
9.165152
14.899664
9.433981
14.525839
15.684387
12.206556
4.242640
12.767145
11.832159
7.745967
15.362291
8.185352
6.403124
4.472136
7.211102
12.569805
14.560220
11.090536
10.677078
15.165751
5.656854
14.071247
8.124039
15.329710
14.764823
14.730920
14.525839
11.532562
8.000000
13.114878
10.862781
12.206556
11.747340
14.387495
10.198039
11.357817
10.000000
11.045361
6.000000
15.491934
13.527749
4.123106
7.141428
14.966629
6.082763
10.198039
11.269428
15.811388
15.066519
15.524175
14.966629
1.732051
13.527749
5.830952
15.427248
12.041595
15.842979
13.928389
4.690416
7.745967
10.488089
11.832159
14.456833
15.748016
9.539392
7.549834
11.000000
13.856407
13.379087
12.569805
13.266499
10.295630
13.228756
15.099669
8.660254
14.560220
8.717798
14.212670
14.352700
6.855655
13.674794
13.228756
7.071068
10.723805
14.456833
5.744563
2.000000
14.317822
15.066519
5.196153
3.000000
9.000000
12.922848
14.764823
8.544004
1.732051
4.358899
13.964240
13.964240
14.071247
9.848858
10.723805
7.000000
4.000000
9.327379
11.135529
15.099669
12.767145
8.366600
13.379087
14.491377
inf
9.899495
2.236068
10.770329
7.141428
6.164414
11.000000
-nan
3.000000
12.165525
3.000000
9.486834
7.681146
15.066519
12.767145
7.874008
15.684387
10.099504
inf
13.747726
14.106736
10.816654
15.427248
14.662878
14.282857
10.295630
13.711309
10.583006
13.266499
10.535654
8.124039
13.304134
14.456833
8.426149
6.164414
2.000000
10.440307
12.609520
2.236068
10.862781
7.141428
3.741657
14.422205
10.488089
15.556349
10.770329
13.152946
15.231546
14.764823
13.190907
12.845232
12.727922
5.916080
12.124355
11.000000
15.491934
15.905973
7.280110
9.797958
13.152946
12.806249
12.727922
9.746794
10.816654
15.297058
11.532562
11.045361
9.327379
6.000000
11.269428
14.352700
9.327379
11.874342
12.569805
14.035669
11.269428
4.242640
10.677078
10.198039
15.394804
5.744563
3.605551
11.958261
8.246211
12.688578
2.828427
7.211102
12.569805
7.874008
12.165525
8.717798
15.033297
7.416199
13.076696
9.380832
5.744563
6.928204
14.491377
10.954451
9.165152
9.000000
8.366600
13.076696
14.899664
15.132746
10.583006
9.695360
15.716234
15.066519
14.071247
15.099669
2.000000
14.525839
10.723805
8.485281
10.770329
11.135529
11.180340
4.358899
13.638182
4.123106
9.746794
12.489996
8.485281
3.162278
15.620499
10.246950
7.615773
14.071247
15.033297
11.916375
4.795832
6.324555
7.549834
15.684387
3.605551
13.000000
9.165152
2.236068
11.832159
5.099020
15.264338
12.000000
15.394804
9.643650
14.730920
9.899495
14.730920
9.273619
10.816654
12.124355
10.148891
14.560220
6.855655
13.266499
14.899664
6.000000
5.000000
4.898979
15.297058
15.842979
12.884098
1.414214
6.000000
14.933185
15.748016
7.000000
11.661903
8.717798
7.348469
4.582576
10.099504
5.656854
12.845232
9.110434
11.180340
11.224972
13.453625
9.273619
14.560220
6.480741
15.264338
7.745967
15.937378
4.898979
15.362291
14.832397
7.745967
2.236068
15.620499
6.244998
inf
12.409674
6.403124
6.082763
11.000000
5.744563
9.273619
1.414214
10.440307
11.874342
4.795832
14.525839
13.152946
13.711309
6.164414
6.480741
7.681146
14.832397
11.313708
3.872983
2.449490
10.246950
8.660254
2.236068
11.357817
7.416199
15.000000
13.784048
7.810249
14.628738
15.132746
7.874008
10.583006
3.741657
9.949875
15.297058
6.855655
13.601471
15.362291
12.489996
8.366600
1.732051
10.535654
15.588457
13.820274
12.206556
5.385165
15.811388
10.630146
12.529964
3.162278
10.954451
2.449490
9.219544
11.180340
11.661903
11.874342
9.695360
8.366600
14.212670
7.211102
6.557439
2.828427
12.845232
7.549834
10.344080
11.958261
10.198039
6.000000
11.090536
2.000000
10.344080
11.224972
10.723805
9.695360
7.810249
2.828427
11.135529
7.483315
11.045361
5.000000
8.124039
15.556349
5.656854
12.288206
10.535654
12.961481
6.000000
14.317822
15.427248
15.427248
1.414214
5.000000
15.684387
12.922848
9.055386
9.848858
7.348469
13.638182
11.575837
13.304134
13.784048
15.524175
6.855655
7.000000
8.888195
10.392305
7.549834
14.247807
12.806249
13.379087
15.132746
15.165751
12.845232
2.236068
11.224972
4.472136
13.152946
12.727922
15.033297
12.449900
12.041595
15.099669
13.416409
11.618950
11.789825
2.449490
15.264338
13.892445
13.856407
10.535654
10.677078
11.224972
9.797958
12.688578
13.228756
13.228756
3.605551
15.231546
11.090536
13.341663
12.489996
9.797958
12.328828
8.062258
10.049875
4.690416
9.273619
4.242640
13.601471
7.483315
13.152946
8.602325
5.291503
9.848858
14.456833
12.922848
10.148891
13.638182
10.198039
6.244998
6.403124
14.764823
12.845232
11.704700
11.090536
9.165152
7.549834
11.661903
7.745967
13.416409
7.615773
14.696939
4.472136
14.525839
5.099020
11.000000
15.264338
10.583006
11.789825
12.727922
12.961481
7.483315
15.362291
14.000000
12.369317
13.784048
10.344080
-nan
10.954451
14.525839
6.244998
12.727922
13.152946
14.282857
6.557439
6.324555
5.656854
10.000000
13.266499
9.591663
4.898979
15.329710
7.280110
6.633249
13.784048
8.888195
12.845232
12.922848
13.820274
6.928204
8.602325
10.148891
10.198039
7.348469
6.557439
inf
15.620499
12.247449
inf
10.440307
10.246950
6.324555
3.872983
4.690416
15.620499
7.615773
7.874008
4.472136
12.609520
15.427248
10.630146
13.527749
14.730920
12.884098
15.099669
12.288206
15.652475
11.704700
7.937254
13.416409
13.638182
11.704700
5.196153
5.830952
13.820274
8.366600
6.000000
13.416409
14.832397
6.082763
5.744563
8.306623
8.831760
6.928204
9.539392
8.124039
10.295630
12.369317
9.327379
3.000000
11.618950
14.142136
13.892445
9.848858
10.488089
12.845232
15.748016
9.949875
6.782330
7.416199
4.795832
15.231546
13.856407
7.071068
3.316625
11.313708
10.954451
6.855655
7.211102
9.165152
9.165152
9.219544
12.369317
12.727922
11.532562
15.620499
15.132746
15.459625
11.874342
7.745967
15.779734
4.472136
2.000000
13.638182
10.816654
10.677078
9.746794
10.488089
14.594520
11.874342
12.845232
15.362291
10.862781
10.099504
5.477225
11.357817
15.165751
12.247449
13.266499
5.099020
15.297058
2.000000
10.535654
11.445523
12.922848
15.620499
10.908712
11.832159
15.066519
2.000000
14.142136
14.832397
4.898979
14.282857
12.247449
11.916375
7.874008
15.652475
15.874508
4.358899
11.445523
12.688578
15.968719
15.779734
2.645751
5.385165
11.045361
15.394804
13.379087
6.480741
2.645751
12.529964
6.782330
10.862781
5.656854
14.594520
10.295630
12.288206
9.848858
8.831760
12.449900
6.403124
6.480741
13.379087
15.652475
13.892445
8.062258
7.141428
13.490738
7.810249
8.366600
7.549834
14.933185
8.306623
7.071068
15.165751
9.899495
13.114878
14.560220
4.582576
14.628738
14.798649
13.341663
2.236068
9.055386
14.491377
14.764823
13.711309
10.246950
7.745967
3.162278
2.000000
10.049875
7.280110
13.564660
9.539392
15.684387
15.779734
11.916375
13.114878
7.416199
14.594520
15.165751
4.690416
5.099020
4.898979
15.874508
11.180340
14.035669
14.422205
12.083046
12.449900
13.114878
8.306623
12.649111
15.937378
4.795832
11.090536
13.638182
11.357817
13.527749
14.035669
11.532562
5.291503
15.811388
7.810249
10.908712
15.491934
7.416199
2.449490
12.489996
10.488089
14.798649
11.401754
11.489125
15.652475
12.449900
11.313708
10.677078
9.797958
9.000000
2.236068
15.842979
15.905973
8.602325
12.489996
15.842979
9.848858
4.795832
13.453625
15.033297
14.352700
11.045361
10.198039
15.297058
10.770329
12.845232
9.899495
10.000000
14.832397
10.198039
inf
8.602325
8.185352
11.445523
14.352700
7.483315
5.477225
8.888195
13.076696
11.224972
12.649111
13.266499
11.045361
12.529964
15.811388
4.690416
12.328828
9.539392
6.708204
8.774964
7.874008
15.842979
14.142136
12.884098
15.132746
7.745967
8.660254
8.426149
12.688578
6.324555
13.228756
12.727922
10.677078
15.556349
6.082763
8.062258
6.557439
8.246211
12.000000
14.628738
13.928389
6.928204
11.575837
7.745967
14.317822
11.313708
9.055386
10.049875
14.798649
11.269428
13.341663
5.000000
11.045361
11.045361
13.820274
9.797958
13.527749
3.316625
12.922848
9.380832
7.141428
9.327379
15.811388
12.845232
8.544004
5.567764
15.165751
10.770329
9.949875
10.862781
8.602325
6.164414
12.884098
14.422205
9.899495
10.723805
8.944272
13.453625
14.696939
6.633249
7.211102
11.789825
8.306623
13.228756
2.236068
2.236068
3.872983
13.711309
4.000000
13.490738
4.472136
8.185352
3.605551
3.741657
15.231546
9.327379
6.782330
14.387495
14.247807
12.041595
8.306623
4.690416
13.527749
15.362291
15.165751
5.099020
9.746794
7.416199
14.387495
7.483315
9.949875
1.732051
13.964240
12.961481
13.341663
14.142136
13.152946
13.892445
11.532562
13.747726
10.954451
12.369317
-nan
11.532562
12.961481
15.264338
14.832397
14.628738
13.564660
12.961481
10.148891
15.905973
13.784048
5.567764
15.264338
12.806249
7.549834
8.544004
14.798649
2.828427
11.357817
7.874008
3.316625
8.246211
15.198685
13.784048
3.464102
12.165525
11.269428
12.041595
9.055386
15.716234
6.557439
9.055386
11.180340
14.525839
7.681146
9.433981
13.000000
15.588457
inf
4.000000
15.524175
13.820274
6.855655
14.764823
10.000000
10.198039
5.916080
7.937254
10.583006
12.806249
11.224972
11.135529
15.231546
10.049875
7.615773
15.652475
15.779734
13.601471
11.575837
8.660254
13.304134
13.304134
12.569805
6.782330
11.489125
14.730920
11.618950
6.708204
14.317822
11.704700
7.874008
13.784048
8.485281
10.440307
12.328828
13.114878
14.628738
13.711309
15.362291
8.366600
9.797958
10.295630
13.928389
8.544004
14.387495
15.874508
7.874008
14.142136
13.490738
14.000000
4.472136
10.148891
10.862781
13.341663
12.206556
15.811388
11.789825
5.291503
6.324555
9.380832
12.845232
10.099504
4.690416
15.427248
14.525839
13.228756
12.409674
13.000000
10.344080
11.575837
15.491934
14.247807
15.491934
13.341663
4.472136
13.820274
13.228756
9.055386
11.661903
10.049875
4.795832
12.489996
14.282857
11.874342
8.831760
9.848858
11.618950
14.730920
11.180340
13.228756
7.071068
5.916080
4.582576
8.485281
4.123106
15.264338
15.716234
13.076696
12.083046
9.899495
7.071068
11.401754
6.782330
5.830952
7.280110
8.124039
15.033297
15.099669
12.206556
10.295630
8.544004
13.114878
2.449490
4.582576
7.549834
9.165152
10.862781
13.856407
6.708204
15.588457
10.583006
9.746794
4.690416
11.532562
12.961481
6.244998
10.488089
12.609520
14.525839
inf
1.414214
2.236068
11.445523
6.928204
6.244998
13.564660
10.677078
3.000000
12.489996
2.645751
10.723805
15.132746
13.379087
11.000000
15.811388
15.362291
14.317822
10.583006
13.152946
15.842979
10.000000
5.385165
9.486834
11.045361
12.727922
1.414214
12.727922
4.123106
12.727922
10.816654
4.242640
12.806249
11.045361
12.206556
14.560220
12.688578
8.831760
8.366600
13.076696
15.297058
8.831760
5.477225
14.422205
inf
12.328828
14.212670
15.427248
10.049875
7.681146
12.449900
9.797958
12.609520
13.564660
13.674794
5.000000
9.486834
13.747726
13.674794
10.344080
9.746794
6.928204
11.180340
1.732051
13.038404
4.358899
14.662878
8.717798
9.848858
5.477225
15.716234
8.660254
10.392305
4.582576
5.196153
10.440307
13.152946
15.165751
9.539392
4.358899
5.744563
15.684387
10.723805
13.856407
13.190907
6.782330
14.730920
3.000000
15.362291
12.206556
10.770329
8.660254
14.035669
15.556349
8.888195
10.583006
2.236068
6.164414
13.711309
10.099504
8.246211
13.379087
13.304134
13.266499
14.142136
14.317822
5.477225
10.862781
13.379087
11.000000
11.704700
14.560220
10.583006
15.874508
12.165525
5.477225
6.557439
10.440307
6.244998
4.795832
1.414214
12.489996
9.899495
14.142136
11.916375
13.304134
7.483315
12.124355
14.696939
15.620499
15.779734
5.291503
12.922848
13.038404
14.317822
10.535654
10.908712
15.329710
15.132746
6.480741
10.000000
10.488089
15.937378
14.560220
10.344080
12.083046
15.588457
12.247449
-nan
5.099020
13.152946
1.414214
13.490738
3.872983
14.212670
8.246211
13.892445
1.414214
14.662878
12.369317
15.684387
14.422205
13.453625
12.529964
11.090536
11.401754
3.605551
15.556349
10.440307
15.556349
5.385165
14.491377
9.848858
5.196153
12.884098
14.282857
13.190907
12.369317
9.899495
13.190907
13.416409
3.872983
13.266499
10.295630
5.477225
11.090536
13.228756
14.933185
11.180340
11.575837
10.954451
10.770329
9.327379
6.782330
4.123106
14.491377
13.266499
5.477225
14.000000
5.477225
4.123106
15.000000
15.491934
10.677078
15.905973
12.247449
7.874008
13.076696
6.928204
12.649111
9.433981
15.099669
13.228756
3.000000
8.831760
14.317822
11.489125
15.905973
13.152946
1.414214
11.489125
6.082763
10.862781
14.798649
9.110434
11.618950
13.152946
2.000000
12.884098
10.630146
5.830952
13.527749
9.110434
4.242640
6.403124
8.944272
12.961481
10.148891
15.842979
14.696939
2.645751
9.165152
13.711309
13.490738
9.643650
3.316625
11.445523
15.033297
2.828427
6.928204
15.099669
11.832159
9.273619
9.486834
10.148891
13.000000
15.000000
4.472136
13.152946
11.618950
11.575837
14.387495
7.874008
14.730920
15.000000
10.148891
6.403124
11.747340
14.352700
6.000000
9.899495
14.594520
10.954451
5.567764
11.789825
14.594520
6.480741
3.872983
13.527749
7.071068
7.937254
12.449900
13.820274
12.206556
15.652475
6.164414
7.937254
14.662878
7.681146
15.362291
9.695360
13.892445
13.711309
12.529964
12.409674
12.529964
2.000000
13.964240
6.244998
14.525839
15.198685
11.747340
12.961481
9.746794
13.000000
7.211102
7.211102
14.525839
8.185352
15.362291
2.236068
11.401754
11.618950
14.000000
4.898979
11.180340
15.329710
9.327379
9.165152
6.164414
8.185352
13.341663
15.198685
15.968719
8.888195
11.357817
12.529964
9.165152
8.246211
14.000000
6.244998
6.557439
8.831760
14.387495
11.747340
15.716234
1.732051
13.784048
14.212670
8.366600
13.038404
14.422205
14.177446
7.071068
12.165525
15.000000
13.228756
11.269428
7.483315
1.732051
12.845232
11.090536
13.453625
11.832159
11.090536
2.236068
3.605551
4.898979
9.433981
9.000000
14.832397
11.313708
11.135529
6.557439
8.888195
2.449490
5.830952
9.110434
14.035669
15.394804
12.369317
10.535654
13.747726
9.899495
12.688578
9.000000
8.185352
8.944272
14.456833
11.090536
9.110434
10.862781
15.716234
3.000000
1.732051
10.677078
3.741657
4.000000
11.747340
10.148891
9.899495
10.099504
15.198685
14.899664
12.041595
7.348469
15.132746
13.416409
11.704700
13.038404
12.688578
5.916080
5.000000
9.695360
11.532562
13.674794
13.228756
14.177446
3.316625
11.313708
8.246211
9.746794
15.716234
7.681146
10.198039
15.811388
13.152946
10.862781
3.162278
7.416199
14.866069
10.392305
12.569805
14.000000
8.660254
6.855655
15.811388
6.928204
15.066519
11.489125
14.764823
11.489125
12.922848
15.588457
15.033297
6.633249
13.190907
12.083046
15.652475
13.638182
4.242640
7.615773
5.000000
3.000000
10.816654
11.357817
1.732051
5.916080
15.716234
3.741657
9.486834
14.560220
11.045361
15.748016
12.328828
14.035669
6.324555
12.083046
15.652475
3.316625
4.690416
14.387495
12.000000
13.747726
13.964240
10.677078
15.297058
10.630146
2.000000
14.933185
6.557439
4.795832
5.000000
8.246211
5.656854
11.958261
14.035669
6.000000
13.341663
13.711309
7.071068
3.464102
12.000000
13.114878
2.236068
6.324555
10.677078
6.708204
13.674794
10.148891
7.483315
14.456833
7.416199
14.142136
11.958261
15.811388
7.681146
11.000000
10.344080
7.937254
9.380832
12.288206
9.273619
10.677078
14.798649
10.908712
inf
12.688578
12.449900
13.379087
9.643650
14.317822
13.820274
15.427248
11.000000
14.000000
4.690416
15.329710
15.524175
14.456833
9.110434
6.480741
12.767145
11.747340
15.556349
7.071068
11.489125
6.708204
13.076696
15.459625
10.440307
1.732051
11.575837
13.964240
10.816654
9.899495
7.615773
10.862781
1.732051
14.594520
6.403124
9.797958
12.727922
15.264338
8.831760
5.291503
13.152946
10.049875
2.645751
12.609520
7.348469
9.486834
14.177446
14.730920
15.099669
13.674794
3.316625
10.198039
15.264338
13.490738
9.380832
9.273619
13.638182
14.899664
5.000000
6.855655
8.000000
9.165152
12.884098
8.185352
6.403124
14.387495
12.806249
14.282857
13.564660
15.556349
15.231546
10.099504
9.327379
15.459625
2.236068
11.916375
8.602325
14.352700
10.148891
6.782330
11.704700
10.723805
12.288206
10.677078
6.403124
15.459625
14.142136
15.066519
14.317822
15.033297
4.358899
3.741657
7.348469
13.601471
9.000000
9.746794
11.661903
15.652475
6.557439
8.062258
15.231546
4.358899
12.922848
7.937254
1.732051
13.114878
14.317822
8.774964
11.045361
7.280110
11.090536
1.732051
12.961481
4.242640
10.862781
14.456833
inf
7.874008
13.453625
14.387495
5.656854
14.142136
14.866069
9.273619
11.357817
6.782330
13.490738
3.000000
6.000000
15.000000
8.602325
3.464102
15.652475
15.524175
8.660254
15.748016
12.529964
5.000000
8.306623
4.795832
8.831760
13.856407
5.196153
15.684387
14.525839
12.041595
14.106736
14.560220
14.387495
11.135529
12.767145
15.491934
8.246211
11.313708
8.366600
14.035669
13.228756
15.874508
14.387495
14.525839
14.899664
5.000000
14.933185
14.525839
3.316625
6.480741
14.247807
12.961481
8.185352
4.000000
13.856407
12.041595
14.422205
14.798649
11.618950
12.767145
10.392305
8.888195
10.954451
7.681146
14.247807
5.196153
6.557439
4.000000
12.489996
10.677078
14.594520
8.660254
10.488089
12.806249
5.477225
8.717798
13.784048
15.905973
5.567764
14.177446
6.244998
15.297058
10.630146
10.344080
15.811388
7.000000
15.874508
14.247807
3.464102
11.489125
10.488089
10.954451
14.525839
15.165751
13.416409
12.569805
1.414214
14.933185
13.190907
12.569805
9.000000
11.489125
15.264338
13.856407
6.324555
2.645751
3.464102
15.165751
2.000000
6.633249
13.228756
6.557439
4.690416
5.744563
12.247449
4.123106
9.055386
12.124355
14.832397
9.746794
4.795832
8.602325
14.662878
15.297058
7.000000
11.789825
11.661903
7.141428
10.344080
7.416199
14.456833
13.711309
13.674794
13.638182
11.135529
15.066519
13.892445
11.704700
14.212670
14.035669
13.453625
11.000000
15.491934
14.247807
12.409674
11.618950
14.832397
15.394804
5.099020
13.564660
8.717798
7.000000
1.732051
5.916080
5.196153
7.211102
13.228756
12.767145
10.148891
5.099020
14.764823
7.483315
14.628738
12.206556
15.556349
9.110434
11.000000
13.379087
14.832397
8.185352
10.954451
12.041595
13.711309
10.198039
9.591663
9.327379
15.459625
7.549834
8.246211
3.000000
15.524175
12.000000
7.615773
15.620499
13.379087
9.219544
6.324555
9.899495
15.779734
11.958261
11.135529
14.525839
14.106736
9.110434
10.246950
13.601471
12.884098
15.033297
10.392305
11.401754
6.082763
15.099669
4.358899
15.000000
8.774964
10.535654
7.483315
7.745967
12.961481
11.135529
8.366600
12.409674
3.464102
11.313708
11.916375
13.856407
14.628738
13.527749
5.830952
14.387495
8.366600
12.609520
12.727922
3.741657
15.556349
3.316625
14.106736
12.328828
15.394804
7.211102
5.099020
4.242640
4.898979
6.708204
15.620499
10.049875
12.489996
6.633249
12.727922
8.306623
13.000000
15.231546
14.933185
13.453625
10.198039
10.440307
10.816654
7.874008
6.000000
12.328828
3.605551
10.344080
7.416199
13.266499
11.000000
6.403124
13.674794
8.000000
13.892445
13.000000
10.770329
14.798649
13.674794
11.874342
2.828427
13.228756
15.556349
12.806249
14.832397
12.165525
15.264338
11.532562
11.135529
14.142136
7.615773
15.132746
7.348469
13.266499
5.916080
9.486834
8.485281
7.000000
14.035669
11.269428
15.000000
7.874008
12.961481
12.489996
11.269428
10.246950
8.306623
15.588457
8.246211
inf
11.313708
8.717798
13.266499
10.723805
15.491934
11.832159
2.645751
14.764823
4.123106
11.489125
12.727922
8.717798
10.246950
14.696939
15.874508
11.832159
7.141428
8.246211
13.747726
15.748016
13.964240
12.569805
7.416199
10.344080
7.681146
13.490738
14.560220
11.313708
13.000000
4.898979
11.357817
6.480741
10.000000
7.071068
12.529964
9.165152
13.784048
12.806249
6.782330
14.422205
6.324555
14.456833
5.291503
12.041595
13.000000
4.898979
5.477225
14.832397
9.591663
14.798649
14.594520
5.567764
11.045361
3.464102
11.747340
13.453625
13.928389
9.695360
7.280110
10.344080
10.862781
13.527749
12.206556
14.764823
15.264338
7.071068
6.782330
12.922848
14.662878
9.643650
10.908712
15.968719
6.782330
12.124355
12.041595
14.662878
13.076696
13.228756
13.416409
2.645751
11.747340
11.704700
6.164414
2.000000
12.206556
13.266499
13.601471
9.327379
3.741657
15.459625
13.928389
11.489125
12.884098
9.380832
9.695360
11.958261
11.747340
11.874342
7.348469
9.848858
15.297058
13.190907
9.848858
4.898979
8.062258
15.556349
15.459625
15.394804
12.688578
12.767145
15.620499
6.557439
6.633249
5.196153
6.928204
13.892445
14.247807
15.264338
4.898979
14.764823
14.696939
14.798649
9.695360
11.224972
7.141428
13.747726
3.605551
13.747726
8.602325
8.246211
5.567764
7.211102
15.556349
11.313708
8.717798
7.141428
10.677078
7.681146
5.656854
4.358899
14.933185
4.582576
7.874008
3.316625
6.928204
10.488089
14.317822
15.842979
9.380832
15.132746
14.594520
6.928204
13.856407
7.211102
13.228756
15.588457
15.524175
13.711309
13.304134
7.681146
-nan
14.422205
10.535654
15.556349
8.944272
13.674794
6.164414
13.928389
15.684387
8.366600
14.594520
14.594520
9.539392
4.358899
15.000000
11.789825
11.401754
13.190907
11.618950
14.764823
12.124355
9.591663
3.162278
9.165152
12.000000
13.601471
8.426149
11.357817
10.862781
15.748016
13.711309
10.862781
14.142136
6.557439
10.246950
4.898979
15.165751
11.958261
14.764823
14.866069
14.594520
13.228756
13.341663
7.000000
13.964240
12.124355
13.711309
8.306623
8.062258
8.185352
5.567764
14.594520
12.649111
6.403124
6.403124
6.928204
15.066519
10.583006
13.341663
9.433981
10.246950
10.488089
14.387495
7.000000
12.409674
7.483315
8.602325
11.313708
14.106736
6.000000
9.643650
12.529964
14.560220
4.000000
14.352700
12.288206
12.767145
11.747340
14.832397
15.132746
14.352700
15.842979
13.638182
10.488089
6.000000
15.066519
12.569805
2.645751
9.110434
8.944272
9.797958
13.711309
13.820274
6.928204
15.427248
9.433981
10.198039
7.483315
14.730920
6.928204
9.591663
7.416199
14.317822
6.928204
8.426149
12.449900
14.106736
15.297058
6.082763
12.767145
14.387495
15.588457
12.569805
11.704700
9.848858
13.964240
10.392305
-nan
14.212670
13.856407
8.944272
6.557439
11.135529
3.872983
9.539392
10.295630
10.198039
13.964240
12.727922
8.124039
15.588457
15.968719
11.000000
13.856407
6.855655
13.856407
9.539392
15.716234
13.038404
11.357817
12.409674
11.045361
10.770329
7.549834
1.732051
14.628738
15.874508
10.583006
14.628738
14.071247
6.928204
6.164414
15.524175
13.114878
7.348469
8.717798
4.795832
12.569805
4.000000
13.601471
14.966629
1.732051
13.564660
9.433981
14.000000
15.231546
5.000000
5.567764
14.933185
14.000000
12.649111
11.000000
7.874008
4.582576
13.341663
8.062258
15.329710
13.190907
13.304134
13.892445
10.816654
15.000000
15.198685
10.099504
11.916375
5.385165
13.379087
12.845232
13.711309
13.964240
9.695360
12.489996
14.071247
4.795832
15.684387
11.747340
15.968719
3.872983
13.038404
14.899664
14.525839
8.602325
9.327379
4.123106
9.746794
3.162278
9.110434
8.602325
13.564660
2.000000
3.316625
6.708204
15.165751
15.588457
12.165525
10.770329
4.000000
8.426149
5.000000
14.282857
3.162278
10.908712
10.246950
14.422205
11.916375
9.746794
9.539392
11.874342
10.488089
2.236068
10.344080
8.124039
8.888195
13.964240
9.110434
13.228756
14.317822
12.884098
15.779734
11.532562
13.076696
2.236068
13.379087
12.041595
15.748016
8.426149
2.236068
2.828427
11.916375
5.477225
14.594520
12.328828
12.206556
7.874008
10.198039
6.000000
12.529964
13.964240
13.304134
3.316625
14.142136
5.385165
8.774964
4.898979
14.966629
12.688578
14.106736
13.152946
8.426149
13.856407
7.071068
15.556349
14.035669
15.132746
11.445523
13.747726
6.633249
11.661903
14.071247
13.638182
12.884098
12.449900
9.055386
7.745967
14.730920
13.674794
9.797958
10.862781
11.224972
4.123106
11.357817
8.426149
6.782330
14.387495
9.746794
3.741657
10.583006
6.164414
13.674794
13.527749
15.165751
15.427248
13.038404
13.114878
14.525839
6.708204
10.246950
-nan
13.490738
6.855655
13.638182
9.591663
14.212670
3.605551
12.328828
12.767145
14.142136
15.748016
5.000000
8.366600
3.162278
12.449900
11.874342
7.483315
10.295630
15.362291
8.426149
14.764823
4.242640
1.414214
12.041595
15.779734
15.491934
7.681146
12.845232
14.000000
10.246950
3.741657
14.000000
5.567764
7.874008
11.224972
11.090536
2.828427
11.789825
4.472136
13.114878
9.110434
3.464102
14.035669
12.409674
4.690416
9.797958
6.244998
8.888195
14.212670
4.472136
12.247449
12.806249
6.164414
12.328828
7.348469
5.567764
11.704700
10.630146
14.000000
8.774964
14.764823
14.525839
4.123106
15.779734
4.123106
11.958261
10.816654
5.000000
5.196153
11.704700
14.035669
10.488089
12.206556
11.789825
2.828427
13.114878
15.329710
6.928204
15.842979
13.490738
8.246211
12.041595
9.486834
10.295630
6.403124
12.000000
11.747340
13.341663
1.414214
8.831760
15.968719
14.832397
5.744563
4.000000
14.628738
7.071068
12.649111
8.660254
8.717798
13.674794
14.560220
4.123106
6.403124
10.246950
12.489996
7.071068
4.582576
11.661903
9.899495
4.000000
7.874008
12.884098
12.688578
12.328828
4.000000
14.247807
6.403124
12.409674
11.180340
6.557439
15.264338
11.180340
2.645751
3.162278
11.874342
14.866069
7.810249
6.708204
6.324555
11.704700
15.231546
15.874508
12.409674
4.242640
10.099504
7.416199
8.246211
11.090536
13.820274
12.884098
11.832159
15.905973
8.717798
6.708204
12.206556
9.591663
15.748016
13.784048
15.716234
10.862781
15.264338
14.966629
15.588457
15.524175
15.297058
11.313708
14.352700
6.244998
13.190907
15.716234
13.266499
12.247449
15.588457
8.660254
12.961481
9.433981
11.401754
15.362291
14.594520
8.062258
12.083046
9.848858
7.874008
14.899664
11.916375
14.525839
7.681146
11.618950
12.083046
7.071068
15.905973
11.090536
4.242640
15.491934
10.392305
15.874508
10.583006
7.681146
6.000000
5.477225
7.071068
14.560220
13.453625
6.082763
5.567764
9.643650
11.269428
12.688578
8.602325
9.165152
15.033297
14.832397
13.453625
5.656854
13.674794
8.185352
15.620499
15.684387
14.212670
11.575837
6.324555
14.106736
inf
7.615773
13.527749
10.488089
7.348469
6.324555
13.000000
9.486834
8.366600
14.798649
6.855655
15.842979
-nan
8.831760
9.433981
11.269428
15.491934
12.767145
14.525839
14.491377
11.269428
11.661903
15.588457
7.615773
14.282857
15.198685
6.928204
12.247449
10.440307
9.380832
9.695360
10.488089
12.083046
4.582576
14.832397
14.177446
7.810249
11.532562
5.916080
11.489125
9.797958
9.055386
11.269428
9.848858
12.688578
14.696939
14.966629
12.041595
11.090536
13.416409
9.949875
15.842979
7.745967
9.273619
7.280110
2.828427
7.810249
10.099504
12.609520
13.038404
13.784048
15.905973
5.000000
9.000000
4.242640
15.652475
5.099020
8.944272
11.090536
7.810249
14.560220
14.798649
12.000000
9.110434
7.745967
7.000000
6.633249
5.385165
13.928389
12.922848
14.456833
6.082763
12.727922
3.605551
11.135529
14.696939
4.690416
13.601471
7.874008
13.453625
10.000000
15.874508
13.341663
11.180340
8.774964
14.000000
10.677078
10.148891
4.472136
15.394804
12.845232
15.231546
14.177446
7.280110
7.745967
2.236068
10.099504
10.198039
5.830952
6.324555
3.872983
15.588457
8.774964
13.341663
inf
14.177446
11.747340
4.795832
11.445523
14.142136
14.282857
15.198685
14.000000
11.224972
10.000000
4.242640
8.124039
14.628738
11.000000
9.327379
14.000000
5.477225
7.937254
11.874342
9.110434
11.090536
12.083046
13.601471
15.066519
13.453625
15.000000
15.588457
12.961481
6.855655
12.845232
13.000000
15.748016
6.855655
13.856407
11.090536
15.716234
11.832159
9.899495
13.674794
3.162278
14.071247
14.317822
8.774964
12.529964
8.426149
12.806249
9.848858
10.049875
15.066519
15.427248
13.601471
9.746794
11.313708
10.677078
8.124039
7.280110
9.165152
7.280110
14.899664
11.445523
14.764823
11.618950
11.090536
3.000000
8.485281
15.716234
-nan
14.560220
9.433981
13.711309
14.933185
5.656854
11.704700
6.633249
13.747726
14.422205
14.422205
5.477225
7.348469
13.379087
3.464102
15.459625
4.242640
11.832159
9.848858
9.219544
13.928389
13.453625
11.747340
12.649111
7.483315
10.049875
6.244998
13.416409
10.488089
10.535654
13.076696
10.535654
8.246211
2.000000
6.557439
5.916080
6.000000
13.416409
8.888195
15.000000
11.532562
5.567764
15.968719
13.674794
14.491377
3.316625
13.038404
15.132746
12.328828
3.316625
7.615773
9.486834
13.892445
14.000000
15.811388
15.779734
6.403124
5.744563
13.152946
12.328828
12.041595
9.380832
2.645751
14.594520
9.643650
7.071068
15.748016
11.357817
15.165751
8.426149
9.949875
10.344080
10.099504
9.899495
6.164414
7.483315
10.488089
14.422205
5.385165
2.449490
14.832397
9.327379
9.797958
12.529964
5.291503
9.486834
12.247449
8.306623
11.090536
8.246211
14.866069
3.464102
12.489996
15.099669
15.000000
15.779734
4.690416
14.730920
11.090536
15.905973
5.656854
14.899664
10.198039
11.575837
8.000000
11.958261
13.820274
13.190907
9.746794
14.832397
13.416409
7.681146
7.211102
4.472136
14.696939
8.944272
10.488089
10.535654
12.206556
15.297058
13.379087
10.723805
15.684387
8.888195
9.327379
14.696939
8.544004
10.488089
13.304134
14.000000
10.344080
14.491377
12.727922
14.525839
9.380832
15.033297
9.899495
4.795832
12.041595
13.928389
15.620499
8.306623
15.905973
6.324555
9.486834
14.628738
10.954451
14.142136
8.306623
3.605551
13.341663
15.748016
11.313708
13.000000
8.426149
14.696939
11.357817
12.000000
8.366600
7.071068
9.165152
13.304134
2.000000
15.684387
11.489125
9.643650
14.730920
15.198685
10.770329
10.295630
13.000000
10.198039
13.228756
12.884098
12.000000
3.000000
11.135529
2.828427
14.491377
13.892445
4.690416
11.489125
13.601471
12.247449
6.708204
inf
10.488089
13.190907
12.041595
13.416409
15.000000
15.165751
10.049875
15.132746
14.832397
15.297058
8.124039
13.453625
14.456833
13.527749
5.567764
11.045361
5.567764
14.387495
5.656854
13.266499
14.696939
12.529964
13.564660
13.038404
9.695360
14.352700
6.855655
4.898979
10.049875
9.591663
5.000000
14.525839
3.316625
13.038404
11.661903
15.362291
12.000000
15.394804
14.456833
10.440307
14.662878
4.472136
5.830952
12.961481
14.247807
8.124039
5.830952
15.297058
4.123106
8.185352
12.409674
15.264338
14.966629
9.110434
12.165525
7.874008
5.744563
13.964240
9.273619
11.575837
5.567764
10.535654
9.486834
6.480741
5.099020
15.033297
4.690416
13.038404
14.387495
15.231546
4.795832
12.922848
15.874508
7.615773
8.888195
14.106736
11.135529
10.677078
13.304134
11.874342
13.453625
8.717798
10.862781
12.206556
12.609520
3.162278
14.525839
13.856407
14.317822
6.480741
8.426149
15.394804
12.369317
12.688578
4.795832
13.379087
11.445523
6.782330
9.695360
9.055386
4.690416
10.816654
15.779734
4.242640
13.228756
8.544004
14.730920
6.557439
13.674794
11.747340
13.564660
10.583006
14.628738
6.855655
2.236068
10.816654
7.549834
14.696939
7.348469
2.645751
1.414214
11.180340
15.620499
12.489996
5.477225
3.316625
8.888195
12.688578
7.549834
13.152946
15.588457
8.888195
5.916080
15.394804
9.848858
14.491377
7.348469
7.615773
15.937378
15.524175
14.035669
13.490738
9.848858
12.449900
15.132746
10.099504
4.123106
5.567764
7.874008
8.426149
6.164414
8.062258
14.000000
5.099020
14.866069
15.033297
6.082763
6.633249
11.445523
9.746794
14.764823
10.862781
13.190907
15.905973
9.949875
4.000000
14.387495
12.369317
8.602325
14.317822
11.747340
3.872983
11.489125
15.329710
13.076696
10.246950
9.000000
13.711309
11.661903
12.000000
1.732051
13.190907
14.456833
14.106736
14.142136
13.190907
13.000000
15.427248
14.764823
6.633249
8.774964
13.416409
12.727922
15.842979
13.304134
2.449490
3.316625
11.357817
12.609520
9.273619
8.831760
6.480741
10.049875
14.491377
4.582576
4.000000
7.745967
10.148891
14.282857
14.000000
15.716234
14.387495
10.723805
14.142136
12.247449
7.681146
10.862781
7.937254
6.403124
8.944272
10.344080
10.862781
2.236068
3.741657
10.677078
13.490738
4.472136
11.180340
7.416199
13.379087
14.525839
11.575837
14.866069
7.549834
9.380832
15.588457
8.544004
12.165525
9.486834
4.690416
9.433981
9.000000
15.132746
14.282857
5.000000
11.135529
2.645751
11.958261
13.674794
7.000000
14.933185
6.244998
12.922848
15.099669
7.280110
5.000000
12.449900
8.544004
12.288206
14.491377
15.874508
10.295630
9.380832
14.764823
12.767145
13.304134
14.317822
15.394804
8.306623
6.244998
1.732051
12.569805
10.954451
15.231546
10.295630
12.041595
10.000000
10.677078
5.656854
5.656854
12.767145
15.968719
8.426149
8.602325
15.099669
11.135529
10.000000
11.269428
14.035669
15.842979
9.000000
13.892445
10.049875
13.038404
12.449900
3.000000
9.539392
10.198039
15.684387
12.649111
11.958261
15.779734
7.937254
2.645751
15.000000
13.000000
12.328828
8.366600
5.196153
13.564660
10.099504
13.784048
13.564660
13.152946
3.000000
12.489996
6.403124
10.440307
5.196153
15.427248
10.198039
10.392305
13.228756
14.317822
4.690416
8.660254
14.628738
10.630146
13.379087
14.282857
4.242640
8.185352
14.035669
9.000000
8.602325
12.922848
15.811388
15.066519
15.394804
4.690416
12.449900
9.110434
14.560220
9.110434
-nan
14.866069
15.459625
6.403124
8.602325
3.162278
4.795832
13.341663
10.908712
14.071247
11.313708
11.874342
4.123106
9.273619
15.968719
14.035669
5.916080
4.123106
2.828427
15.231546
9.899495
9.055386
11.958261
9.591663
7.280110
11.135529
10.677078
14.456833
14.387495
8.426149
6.000000
14.387495
6.000000
4.472136
15.748016
10.535654
5.477225
3.872983
5.744563
12.206556
14.628738
12.688578
5.916080
15.198685
15.748016
5.830952
13.114878
5.196153
7.141428
13.416409
1.732051
12.206556
2.645751
12.124355
15.524175
7.745967
3.872983
10.000000
3.605551
14.933185
13.076696
7.071068
13.190907
14.387495
8.366600
12.922848
7.874008
10.000000
13.490738
9.797958
15.811388
11.832159
inf
5.385165
10.770329
15.779734
7.937254
5.656854
4.472136
10.677078
14.594520
4.898979
2.645751
14.832397
13.076696
15.748016
4.898979
13.638182
9.591663
6.164414
12.369317
2.645751
9.380832
8.485281
14.662878
12.569805
15.459625
4.582576
1.414214
12.845232
10.816654
15.874508
7.071068
10.908712
5.000000
12.884098
10.583006
9.380832
14.071247
11.532562
14.212670
12.449900
12.529964
14.456833
10.908712
8.485281
14.212670
12.000000
1.414214
6.164414
13.490738
12.489996
6.782330
3.741657
15.099669
2.236068
13.114878
14.525839
5.099020
13.190907
10.954451
12.000000
13.076696
13.038404
2.645751
14.000000
8.944272
10.908712
5.385165
4.795832
15.874508
15.198685
13.341663
12.369317
13.601471
6.480741
15.000000
11.445523
13.638182
15.099669
13.000000
10.583006
11.313708
14.662878
11.224972
10.000000
14.832397
6.480741
7.416199
15.716234
14.696939
13.228756
11.618950
11.445523
9.486834
11.916375
8.485281
13.038404
2.236068
10.049875
13.892445
1.414214
8.717798
10.770329
12.449900
2.236068
12.569805
11.180340
11.661903
9.380832
9.848858
7.071068
14.142136
15.000000
3.000000
8.366600
8.306623
15.165751
10.583006
11.135529
14.866069
8.485281
6.557439
10.000000
14.282857
11.532562
15.556349
4.472136
6.928204
15.716234
11.000000
15.524175
15.779734
14.035669
10.049875
12.206556
14.247807
1.732051
4.242640
9.110434
9.539392
10.723805
11.532562
5.916080
9.165152
11.958261
10.246950
12.369317
10.816654
14.730920
4.582576
9.055386
5.830952
8.000000
13.490738
15.427248
14.071247
12.961481
1.414214
15.684387
12.609520
11.090536
15.198685
12.369317
8.000000
8.774964
6.782330
3.316625
8.944272
8.000000
9.746794
13.114878
13.379087
15.099669
14.387495
2.645751
10.723805
7.549834
12.649111
15.231546
4.242640
13.453625
7.615773
7.211102
15.652475
15.491934
5.830952
13.674794
12.328828
6.000000
13.304134
7.483315
12.609520
12.369317
14.456833
14.966629
15.165751
15.968719
15.329710
7.348469
7.937254
8.602325
15.033297
15.556349
6.855655
13.341663
15.779734
12.727922
15.329710
12.369317
11.789825
15.905973
8.831760
14.035669
7.071068
8.185352
13.490738
9.165152
